2019,'1475659',602,,33,4,,,0
2019,'1475660',632,,34,4,,,0
2019,'1475661',702,,35,4,,,0
2019,'1475662',732,,36,4,,,0
2019,'1475663',802,,37,4,,,0
2019,'1475664',832,,38,4,,,0
2019,'1475665',902,,39,4,,,0
2019,'1475666',932,,40,4,,,0
2019,'1475667',1002,,41,4,,,0
2019,'1475668',1032,,42,4,,,0
2019,'1475669',1102,,43,4,,,0
2019,'1475670',1132,,44,4,,,0
2019,'1475671',1202,,45,4,,,0
2019,'1475672',1232,,46,4,,,0
2019,'1475673',1302,,47,4,,,0
2019,'1475674',1332,,48,4,,,0
2019,'1475675',1402,,49,4,,,0
2019,'1475676',1432,,50,4,,,0
2019,'1475677',1502,,51,4,,,0
2019,'1475678',1532,,52,4,,,0
2019,'1475679',1602,,53,4,,,0
2019,'1475680',1632,,54,4,,,0
2019,'1475681',1702,,55,4,,,0
2019,'1475682',1732,,56,4,,,0
2019,'1475683',1802,,57,4,,,0
2019,'1475684',1832,,58,4,,,0
2019,'1475685',1902,,59,4,,,0
2019,'1475686',1932,,60,4,,,0
2019,'1475687',2002,,61,4,,,0
2019,'1475688',2032,,62,4,,,0
2019,'1475689',2102,,63,4,,,0
2019,'1475690',2132,,64,4,,,0
8019,'1282156',730,,225,4,,,0
