4019,'1279123',1448,,97,30,,,0
4019,'1279171',718,,98,30,,,0
4019,'1279191',918,,99,30,,,0
4019,'1279351',2048,,100,30,,,0
4019,'1279362',1848,,101,30,,,0
4019,'1279469',1348,,102,30,,,0
4019,'1279906',2018,,103,30,,,0
4019,'1280189',748,,104,30,,,0
4019,'1280192',1048,,105,30,,,0
4019,'1280293',848,,106,30,,,0
4019,'1280507',1948,,107,30,,,0
4019,'1280838',1718,,108,30,,,0
4019,'1280921',1218,,109,30,,,0
4019,'1281220',618,,110,30,,,0
4019,'1281330',1618,,111,30,,,0
4019,'1281387',2148,,112,30,,,0
4019,'1281529',1018,,113,30,,,0
4019,'1281609',818,,114,30,,,0
4019,'1281636',1918,,115,30,,,0
4019,'1281937',1318,,116,30,,,0
4019,'1282104',1518,,117,30,,,0
4019,'1282143',1748,,118,30,,,0
4019,'1282256',948,,119,30,,,0
4019,'1282401',1818,,120,30,,,0
4019,'1282483',1148,,121,30,,,0
4019,'1282867',1118,,122,30,,,0
4019,'1282877',1548,,123,30,,,0
4019,'1283160',1248,,124,30,,,0
4019,'1283459',648,,125,30,,,0
4019,'1283542',1648,,126,30,,,0
4019,'1283577',1418,,127,30,,,0
4019,'1283657',2118,,128,30,,,0
10019,'1280418',745,,228,26,,,0
