7019,'1400344',1753,,193,36,,,0
7019,'1400361',823,,194,36,,,0
7019,'1400396',623,,195,36,,,0
7019,'1400410',1153,,196,36,,,0
7019,'1400427',653,,197,36,,,0
7019,'1400428',1223,,198,36,,,0
7019,'1400533',2023,,199,36,,,0
7019,'1400589',1923,,200,36,,,0
7019,'1400639',853,,201,36,,,0
7019,'1400662',1623,,202,36,,,0
7019,'1400683',953,,203,36,,,0
7019,'1400688',1823,,204,36,,,0
7019,'1400738',1123,,205,36,,,0
7019,'1400743',923,,206,36,,,0
7019,'1400763',1523,,207,36,,,0
7019,'1400766',2123,,208,36,,,0
7019,'1400797',1853,,209,36,,,0
7019,'1400808',1353,,210,36,,,0
7019,'1400818',1953,,211,36,,,0
7019,'1400821',1723,,212,36,,,0
7019,'1400822',1023,,213,36,,,0
7019,'1400845',2152,,214,36,,,0
7019,'1400859',723,,215,36,,,0
7019,'1400866',1653,,216,36,,,0
7019,'1400880',1423,,217,36,,,0
7019,'1400906',753,,218,36,,,0
7019,'1400929',1553,,219,36,,,0
7019,'1400945',2053,,220,36,,,0
7019,'1400947',1453,,221,36,,,0
7019,'1400962',1053,,222,36,,,0
7019,'1400973',1253,,223,36,,,0
7019,'1400992',1323,,224,36,,,0
