6019,'1412378',2003,,161,6,,,0
6019,'1412574',2133,,162,6,,,0
6019,'1412586',1103,,163,6,,,0
6019,'1412633',1903,,164,6,,,0
6019,'1412654',1933,,165,6,,,0
6019,'1412663',1433,,166,6,,,0
6019,'1412719',933,,167,6,,,0
6019,'1412861',833,,168,6,,,0
6019,'1412867',703,,169,6,,,0
6019,'1412927',1703,,170,6,,,0
6019,'1413018',1133,,171,6,,,0
6019,'1413058',1303,,172,6,,,0
6019,'1413074',603,,173,6,,,0
6019,'1413172',1333,,174,6,,,0
6019,'1413173',2033,,175,6,,,0
6019,'1413188',2103,,176,6,,,0
6019,'1413228',1403,,177,6,,,0
6019,'1413263',1003,,178,6,,,0
6019,'1413307',633,,179,6,,,0
6019,'1413432',1803,,180,6,,,0
6019,'1413444',733,,181,6,,,0
6019,'1413514',1833,,182,6,,,0
6019,'1413572',1033,,183,6,,,0
6019,'1413697',1203,,184,6,,,0
6019,'1413715',903,,185,6,,,0
6019,'1413733',1533,,186,6,,,0
6019,'1413791',1633,,187,6,,,0
6019,'1413807',803,,188,6,,,0
6019,'1413860',1233,,189,6,,,0
6019,'1413872',1503,,190,6,,,0
6019,'1413914',1603,,191,6,,,0
6019,'1413976',1733,,192,6,,,0
10029,'1309124',801,,229,6,,,0
