5019,'1279336',2106,,129,13,,,0
5019,'1279360',1636,,130,13,,,0
5019,'1279724',1236,,131,13,,,0
5019,'1279909',1106,,132,13,,,0
5019,'1279968',936,,133,13,,,0
5019,'1280159',1936,,134,13,,,0
5019,'1280196',2006,,135,13,,,0
5019,'1280528',1606,,136,13,,,0
5019,'1280538',806,,137,13,,,0
5019,'1280597',906,,138,13,,,0
5019,'1280704',1306,,139,13,,,0
5019,'1280767',836,,140,13,,,0
5019,'1280939',606,,141,13,,,0
5019,'1281159',1706,,142,13,,,0
5019,'1281496',1136,,143,13,,,0
5019,'1281614',1536,,144,13,,,0
5019,'1281867',1906,,145,13,,,0
5019,'1281892',2136,,146,13,,,0
5019,'1281918',1006,,147,13,,,0
5019,'1281954',1806,,148,13,,,0
5019,'1282080',2036,,149,13,,,0
5019,'1282121',1836,,150,13,,,0
5019,'1282311',1206,,151,13,,,0
5019,'1282695',706,,152,13,,,0
5019,'1282785',636,,153,13,,,0
5019,'1282876',1436,,154,13,,,0
5019,'1283012',1506,,155,13,,,0
5019,'1283201',1736,,156,13,,,0
5019,'1283397',1406,,157,13,,,0
5019,'1283530',736,,158,13,,,0
5019,'1283849',1336,,159,13,,,0
5019,'1284100',1036,,160,13,,,0
8019,'1309753',804,,226,13,,,0
