3019,'1497228',603,,248,5,,,0
3019,'1497229',633,,249,5,,,0
3019,'1497230',703,,250,5,,,0
3019,'1497231',733,,251,5,,,0
3019,'1497232',803,,252,5,,,0
3019,'1497233',833,,253,5,,,0
3019,'1497234',903,,254,5,,,0
3019,'1497235',933,,255,5,,,0
3019,'1497236',1003,,256,5,,,0
3019,'1497237',1033,,257,5,,,0
3019,'1497238',1103,,258,5,,,0
3019,'1497239',1133,,259,5,,,0
3019,'1497240',1203,,260,5,,,0
3019,'1497241',1233,,261,5,,,0
3019,'1497242',1303,,262,5,,,0
3019,'1497243',1333,,263,5,,,0
3019,'1497244',1403,,264,5,,,0
3019,'1497245',1433,,265,5,,,0
3019,'1497246',1503,,266,5,,,0
3019,'1497247',1533,,267,5,,,0
3019,'1497248',1603,,268,5,,,0
3019,'1497249',1633,,269,5,,,0
3019,'1497250',1703,,270,5,,,0
3019,'1497251',1733,,271,5,,,0
3019,'1497252',1803,,272,5,,,0
3019,'1497253',1833,,273,5,,,0
3019,'1497254',1903,,274,5,,,0
3019,'1497255',1933,,275,5,,,0
3019,'1497256',2003,,276,5,,,0
3019,'1497257',2033,,277,5,,,0
3019,'1497258',2103,,278,5,,,0
3019,'1497259',2133,,279,5,,,0
