3019,'1497228',611,,248,16,,,0
3019,'1497229',640,,249,16,,,0
3019,'1497230',711,,250,16,,,0
3019,'1497231',741,,251,16,,,0
3019,'1497232',811,,252,16,,,0
3019,'1497233',841,,253,16,,,0
3019,'1497234',911,,254,16,,,0
3019,'1497235',941,,255,16,,,0
3019,'1497236',1011,,256,16,,,0
3019,'1497237',1041,,257,16,,,0
3019,'1497238',1111,,258,16,,,0
3019,'1497239',1141,,259,16,,,0
3019,'1497240',1211,,260,16,,,0
3019,'1497241',1241,,261,16,,,0
3019,'1497242',1311,,262,16,,,0
3019,'1497243',1341,,263,16,,,0
3019,'1497244',1411,,264,16,,,0
3019,'1497245',1441,,265,16,,,0
3019,'1497246',1511,,266,16,,,0
3019,'1497247',1541,,267,16,,,0
3019,'1497248',1611,,268,16,,,0
3019,'1497249',1641,,269,16,,,0
3019,'1497250',1711,,270,16,,,0
3019,'1497251',1741,,271,16,,,0
3019,'1497252',1811,,272,16,,,0
3019,'1497253',1841,,273,16,,,0
3019,'1497254',1911,,274,16,,,0
3019,'1497255',1941,,275,16,,,0
3019,'1497256',2011,,276,16,,,0
3019,'1497257',2041,,277,16,,,0
3019,'1497258',2111,,278,16,,,0
3019,'1497259',2141,,279,16,,,0
