7019,'1400344',1743,,193,22,,,0
7019,'1400361',813,,194,22,,,0
7019,'1400396',613,,195,22,,,0
7019,'1400410',1143,,196,22,,,0
7019,'1400427',643,,197,22,,,0
7019,'1400428',1213,,198,22,,,0
7019,'1400533',2013,,199,22,,,0
7019,'1400589',1913,,200,22,,,0
7019,'1400639',843,,201,22,,,0
7019,'1400662',1613,,202,22,,,0
7019,'1400683',943,,203,22,,,0
7019,'1400688',1813,,204,22,,,0
7019,'1400738',1113,,205,22,,,0
7019,'1400743',913,,206,22,,,0
7019,'1400763',1513,,207,22,,,0
7019,'1400766',2113,,208,22,,,0
7019,'1400797',1843,,209,22,,,0
7019,'1400808',1343,,210,22,,,0
7019,'1400818',1943,,211,22,,,0
7019,'1400821',1713,,212,22,,,0
7019,'1400822',1013,,213,22,,,0
7019,'1400845',2143,,214,22,,,0
7019,'1400859',713,,215,22,,,0
7019,'1400866',1643,,216,22,,,0
7019,'1400880',1413,,217,22,,,0
7019,'1400906',743,,218,22,,,0
7019,'1400929',1543,,219,22,,,0
7019,'1400945',2043,,220,22,,,0
7019,'1400947',1443,,221,22,,,0
7019,'1400962',1043,,222,22,,,0
7019,'1400973',1243,,223,22,,,0
7019,'1400992',1313,,224,22,,,0
