6019,'1412378',2000,,161,2,,,0
6019,'1412574',2130,,162,2,,,0
6019,'1412586',1100,,163,2,,,0
6019,'1412633',1900,,164,2,,,0
6019,'1412654',1930,,165,2,,,0
6019,'1412663',1430,,166,2,,,0
6019,'1412719',930,,167,2,,,0
6019,'1412861',830,,168,2,,,0
6019,'1412867',700,,169,2,,,0
6019,'1412927',1700,,170,2,,,0
6019,'1413018',1130,,171,2,,,0
6019,'1413058',1300,,172,2,,,0
6019,'1413074',600,,173,2,,,0
6019,'1413172',1330,,174,2,,,0
6019,'1413173',2030,,175,2,,,0
6019,'1413188',2100,,176,2,,,0
6019,'1413228',1400,,177,2,,,0
6019,'1413263',1000,,178,2,,,0
6019,'1413307',630,,179,2,,,0
6019,'1413432',1800,,180,2,,,0
6019,'1413444',730,,181,2,,,0
6019,'1413514',1830,,182,2,,,0
6019,'1413572',1030,,183,2,,,0
6019,'1413697',1200,,184,2,,,0
6019,'1413715',900,,185,2,,,0
6019,'1413733',1530,,186,2,,,0
6019,'1413791',1630,,187,2,,,0
6019,'1413807',800,,188,2,,,0
6019,'1413860',1230,,189,2,,,0
6019,'1413872',1500,,190,2,,,0
6019,'1413914',1600,,191,2,,,0
6019,'1413976',1730,,192,2,,,0
10029,'1309124',758,,229,2,,,0
