11019,'1468577',1711,,231,3,,,0
11019,'1468578',1741,,232,3,,,0
11019,'1468579',1811,,233,3,,,0
11019,'1468580',1841,,234,3,,,0
11019,'1468581',1911,,235,3,,,0
11019,'1468582',1941,,236,3,,,0
11019,'1468583',2011,,237,3,,,0
11019,'1468584',2041,,238,3,,,0
11019,'1468585',2111,,239,3,,,0
12019,'1468586',1726,,240,3,,,0
12019,'1468587',1756,,241,3,,,0
12019,'1468588',1826,,242,3,,,0
12019,'1468589',1856,,243,3,,,0
12019,'1468590',1926,,244,3,,,0
12019,'1468591',1956,,245,3,,,0
12019,'1468592',2026,,246,3,,,0
12019,'1468593',2056,,247,3,,,0
