4019,'1279123',1441,,97,18,,,0
4019,'1279171',711,,98,18,,,0
4019,'1279191',911,,99,18,,,0
4019,'1279351',2041,,100,18,,,0
4019,'1279362',1841,,101,18,,,0
4019,'1279469',1341,,102,18,,,0
4019,'1279906',2011,,103,18,,,0
4019,'1280189',741,,104,18,,,0
4019,'1280192',1041,,105,18,,,0
4019,'1280293',841,,106,18,,,0
4019,'1280507',1941,,107,18,,,0
4019,'1280838',1711,,108,18,,,0
4019,'1280921',1211,,109,18,,,0
4019,'1281220',611,,110,18,,,0
4019,'1281330',1611,,111,18,,,0
4019,'1281387',2141,,112,18,,,0
4019,'1281529',1011,,113,18,,,0
4019,'1281609',811,,114,18,,,0
4019,'1281636',1911,,115,18,,,0
4019,'1281937',1311,,116,18,,,0
4019,'1282104',1511,,117,18,,,0
4019,'1282143',1741,,118,18,,,0
4019,'1282256',941,,119,18,,,0
4019,'1282401',1811,,120,18,,,0
4019,'1282483',1141,,121,18,,,0
4019,'1282867',1111,,122,18,,,0
4019,'1282877',1541,,123,18,,,0
4019,'1283160',1241,,124,18,,,0
4019,'1283459',641,,125,18,,,0
4019,'1283542',1641,,126,18,,,0
4019,'1283577',1411,,127,18,,,0
4019,'1283657',2111,,128,18,,,0
10019,'1280418',738,,228,14,,,0
