6019,'1412378',2021,,161,43,,,0
6019,'1412574',2151,,162,43,,,0
6019,'1412586',1121,,163,43,,,0
6019,'1412633',1921,,164,43,,,0
6019,'1412654',1951,,165,43,,,0
6019,'1412663',1451,,166,43,,,0
6019,'1412719',951,,167,43,,,0
6019,'1412861',851,,168,43,,,0
6019,'1412867',721,,169,43,,,0
6019,'1412927',1721,,170,43,,,0
6019,'1413018',1151,,171,43,,,0
6019,'1413058',1321,,172,43,,,0
6019,'1413074',621,,173,43,,,0
6019,'1413172',1351,,174,43,,,0
6019,'1413173',2051,,175,43,,,0
6019,'1413188',2121,,176,43,,,0
6019,'1413228',1421,,177,43,,,0
6019,'1413263',1021,,178,43,,,0
6019,'1413307',651,,179,43,,,0
6019,'1413432',1821,,180,43,,,0
6019,'1413444',751,,181,43,,,0
6019,'1413514',1851,,182,43,,,0
6019,'1413572',1051,,183,43,,,0
6019,'1413697',1221,,184,43,,,0
6019,'1413715',921,,185,43,,,0
6019,'1413733',1551,,186,43,,,0
6019,'1413791',1651,,187,43,,,0
6019,'1413807',821,,188,43,,,0
6019,'1413860',1251,,189,43,,,0
6019,'1413872',1521,,190,43,,,0
6019,'1413914',1621,,191,43,,,0
6019,'1413976',1751,,192,43,,,0
10029,'1309124',819,,229,39,,,0
