6019,'1412378',2011,,161,19,,,0
6019,'1412574',2141,,162,19,,,0
6019,'1412586',1111,,163,19,,,0
6019,'1412633',1911,,164,19,,,0
6019,'1412654',1941,,165,19,,,0
6019,'1412663',1441,,166,19,,,0
6019,'1412719',941,,167,19,,,0
6019,'1412861',841,,168,19,,,0
6019,'1412867',711,,169,19,,,0
6019,'1412927',1711,,170,19,,,0
6019,'1413018',1141,,171,19,,,0
6019,'1413058',1311,,172,19,,,0
6019,'1413074',611,,173,19,,,0
6019,'1413172',1341,,174,19,,,0
6019,'1413173',2041,,175,19,,,0
6019,'1413188',2111,,176,19,,,0
6019,'1413228',1411,,177,19,,,0
6019,'1413263',1011,,178,19,,,0
6019,'1413307',641,,179,19,,,0
6019,'1413432',1811,,180,19,,,0
6019,'1413444',741,,181,19,,,0
6019,'1413514',1841,,182,19,,,0
6019,'1413572',1041,,183,19,,,0
6019,'1413697',1211,,184,19,,,0
6019,'1413715',911,,185,19,,,0
6019,'1413733',1541,,186,19,,,0
6019,'1413791',1641,,187,19,,,0
6019,'1413807',811,,188,19,,,0
6019,'1413860',1241,,189,19,,,0
6019,'1413872',1511,,190,19,,,0
6019,'1413914',1611,,191,19,,,0
6019,'1413976',1741,,192,19,,,0
10029,'1309124',808,,229,18,,,0
