1019,'1463114',1502,,1,3,,,0
1019,'1463124',1802,,2,3,,,0
1019,'1463129',732,,3,3,,,0
1019,'1463141',1332,,4,3,,,0
1019,'1463166',1102,,5,3,,,0
1019,'1463175',1032,,6,3,,,0
1019,'1463193',1532,,7,3,,,0
1019,'1463219',1902,,8,3,,,0
1019,'1463224',1402,,9,3,,,0
1019,'1463236',1432,,10,3,,,0
1019,'1463263',1832,,11,3,,,0
1019,'1463272',1702,,12,3,,,0
1019,'1463293',2102,,13,3,,,0
1019,'1463297',1202,,14,3,,,0
1019,'1463310',1132,,15,3,,,0
1019,'1463321',832,,16,3,,,0
1019,'1463333',1232,,17,3,,,0
1019,'1463355',602,,18,3,,,0
1019,'1463379',1602,,19,3,,,0
1019,'1463398',2032,,20,3,,,0
1019,'1463405',1632,,21,3,,,0
1019,'1463416',1302,,22,3,,,0
1019,'1463417',802,,23,3,,,0
1019,'1463455',2002,,24,3,,,0
1019,'1463456',1002,,25,3,,,0
1019,'1463466',2132,,26,3,,,0
1019,'1463493',1932,,27,3,,,0
1019,'1463502',632,,28,3,,,0
1019,'1463503',932,,29,3,,,0
1019,'1463511',1732,,30,3,,,0
1019,'1463515',702,,31,3,,,0
1019,'1463529',902,,32,3,,,0
