5019,'1279336',2118,,129,37,,,0
5019,'1279360',1648,,130,37,,,0
5019,'1279724',1248,,131,37,,,0
5019,'1279909',1118,,132,37,,,0
5019,'1279968',948,,133,37,,,0
5019,'1280159',1948,,134,37,,,0
5019,'1280196',2018,,135,37,,,0
5019,'1280528',1618,,136,37,,,0
5019,'1280538',818,,137,37,,,0
5019,'1280597',918,,138,37,,,0
5019,'1280704',1318,,139,37,,,0
5019,'1280767',848,,140,37,,,0
5019,'1280939',618,,141,37,,,0
5019,'1281159',1718,,142,37,,,0
5019,'1281496',1148,,143,37,,,0
5019,'1281614',1548,,144,37,,,0
5019,'1281867',1918,,145,37,,,0
5019,'1281892',2148,,146,37,,,0
5019,'1281918',1018,,147,37,,,0
5019,'1281954',1818,,148,37,,,0
5019,'1282080',2048,,149,37,,,0
5019,'1282121',1848,,150,37,,,0
5019,'1282311',1218,,151,37,,,0
5019,'1282695',718,,152,37,,,0
5019,'1282785',648,,153,37,,,0
5019,'1282876',1448,,154,37,,,0
5019,'1283012',1518,,155,37,,,0
5019,'1283201',1748,,156,37,,,0
5019,'1283397',1418,,157,37,,,0
5019,'1283530',748,,158,37,,,0
5019,'1283849',1348,,159,37,,,0
5019,'1284100',1048,,160,37,,,0
8019,'1309753',815,,226,36,,,0
