2019,'1475659',603,,33,5,,,0
2019,'1475660',633,,34,5,,,0
2019,'1475661',703,,35,5,,,0
2019,'1475662',733,,36,5,,,0
2019,'1475663',803,,37,5,,,0
2019,'1475664',833,,38,5,,,0
2019,'1475665',903,,39,5,,,0
2019,'1475666',933,,40,5,,,0
2019,'1475667',1003,,41,5,,,0
2019,'1475668',1033,,42,5,,,0
2019,'1475669',1103,,43,5,,,0
2019,'1475670',1133,,44,5,,,0
2019,'1475671',1203,,45,5,,,0
2019,'1475672',1233,,46,5,,,0
2019,'1475673',1303,,47,5,,,0
2019,'1475674',1333,,48,5,,,0
2019,'1475675',1403,,49,5,,,0
2019,'1475676',1433,,50,5,,,0
2019,'1475677',1503,,51,5,,,0
2019,'1475678',1533,,52,5,,,0
2019,'1475679',1603,,53,5,,,0
2019,'1475680',1633,,54,5,,,0
2019,'1475681',1703,,55,5,,,0
2019,'1475682',1733,,56,5,,,0
2019,'1475683',1803,,57,5,,,0
2019,'1475684',1833,,58,5,,,0
2019,'1475685',1903,,59,5,,,0
2019,'1475686',1933,,60,5,,,0
2019,'1475687',2003,,61,5,,,0
2019,'1475688',2033,,62,5,,,0
2019,'1475689',2103,,63,5,,,0
2019,'1475690',2133,,64,5,,,0
8019,'1282156',730,,225,5,,,0
