1019,'1463114',1511,,1,16,,,0
1019,'1463124',1811,,2,16,,,0
1019,'1463129',741,,3,16,,,0
1019,'1463141',1341,,4,16,,,0
1019,'1463166',1111,,5,16,,,0
1019,'1463175',1041,,6,16,,,0
1019,'1463193',1541,,7,16,,,0
1019,'1463219',1911,,8,16,,,0
1019,'1463224',1411,,9,16,,,0
1019,'1463236',1441,,10,16,,,0
1019,'1463263',1841,,11,16,,,0
1019,'1463272',1711,,12,16,,,0
1019,'1463293',2111,,13,16,,,0
1019,'1463297',1211,,14,16,,,0
1019,'1463310',1141,,15,16,,,0
1019,'1463321',841,,16,16,,,0
1019,'1463333',1241,,17,16,,,0
1019,'1463355',611,,18,16,,,0
1019,'1463379',1611,,19,16,,,0
1019,'1463398',2041,,20,16,,,0
1019,'1463405',1641,,21,16,,,0
1019,'1463416',1311,,22,16,,,0
1019,'1463417',811,,23,16,,,0
1019,'1463455',2011,,24,16,,,0
1019,'1463456',1011,,25,16,,,0
1019,'1463466',2141,,26,16,,,0
1019,'1463493',1941,,27,16,,,0
1019,'1463502',641,,28,16,,,0
1019,'1463503',941,,29,16,,,0
1019,'1463511',1741,,30,16,,,0
1019,'1463515',711,,31,16,,,0
1019,'1463529',911,,32,16,,,0
