3019,'1497228',619,,248,32,,,0
3019,'1497229',649,,249,32,,,0
3019,'1497230',719,,250,32,,,0
3019,'1497231',749,,251,32,,,0
3019,'1497232',819,,252,32,,,0
3019,'1497233',849,,253,32,,,0
3019,'1497234',919,,254,32,,,0
3019,'1497235',949,,255,32,,,0
3019,'1497236',1019,,256,32,,,0
3019,'1497237',1049,,257,32,,,0
3019,'1497238',1119,,258,32,,,0
3019,'1497239',1149,,259,32,,,0
3019,'1497240',1219,,260,32,,,0
3019,'1497241',1249,,261,32,,,0
3019,'1497242',1319,,262,32,,,0
3019,'1497243',1349,,263,32,,,0
3019,'1497244',1419,,264,32,,,0
3019,'1497245',1449,,265,32,,,0
3019,'1497246',1519,,266,32,,,0
3019,'1497247',1549,,267,32,,,0
3019,'1497248',1619,,268,32,,,0
3019,'1497249',1649,,269,32,,,0
3019,'1497250',1719,,270,32,,,0
3019,'1497251',1749,,271,32,,,0
3019,'1497252',1819,,272,32,,,0
3019,'1497253',1849,,273,32,,,0
3019,'1497254',1919,,274,32,,,0
3019,'1497255',1949,,275,32,,,0
3019,'1497256',2019,,276,32,,,0
3019,'1497257',2049,,277,32,,,0
3019,'1497258',2119,,278,32,,,0
3019,'1497259',2149,,279,32,,,0
