5019,'1279336',2107,,129,14,,,0
5019,'1279360',1637,,130,14,,,0
5019,'1279724',1237,,131,14,,,0
5019,'1279909',1107,,132,14,,,0
5019,'1279968',937,,133,14,,,0
5019,'1280159',1937,,134,14,,,0
5019,'1280196',2007,,135,14,,,0
5019,'1280528',1607,,136,14,,,0
5019,'1280538',807,,137,14,,,0
5019,'1280597',907,,138,14,,,0
5019,'1280704',1307,,139,14,,,0
5019,'1280767',837,,140,14,,,0
5019,'1280939',607,,141,14,,,0
5019,'1281159',1707,,142,14,,,0
5019,'1281496',1137,,143,14,,,0
5019,'1281614',1537,,144,14,,,0
5019,'1281867',1907,,145,14,,,0
5019,'1281892',2137,,146,14,,,0
5019,'1281918',1007,,147,14,,,0
5019,'1281954',1807,,148,14,,,0
5019,'1282080',2037,,149,14,,,0
5019,'1282121',1837,,150,14,,,0
5019,'1282311',1207,,151,14,,,0
5019,'1282695',707,,152,14,,,0
5019,'1282785',637,,153,14,,,0
5019,'1282876',1437,,154,14,,,0
5019,'1283012',1507,,155,14,,,0
5019,'1283201',1737,,156,14,,,0
5019,'1283397',1407,,157,14,,,0
5019,'1283530',737,,158,14,,,0
5019,'1283849',1337,,159,14,,,0
5019,'1284100',1037,,160,14,,,0
8019,'1309753',804,,226,14,,,0
