1019,'1463114',1511,,1,17,,,0
1019,'1463124',1811,,2,17,,,0
1019,'1463129',741,,3,17,,,0
1019,'1463141',1341,,4,17,,,0
1019,'1463166',1111,,5,17,,,0
1019,'1463175',1041,,6,17,,,0
1019,'1463193',1541,,7,17,,,0
1019,'1463219',1911,,8,17,,,0
1019,'1463224',1411,,9,17,,,0
1019,'1463236',1441,,10,17,,,0
1019,'1463263',1841,,11,17,,,0
1019,'1463272',1711,,12,17,,,0
1019,'1463293',2111,,13,17,,,0
1019,'1463297',1211,,14,17,,,0
1019,'1463310',1141,,15,17,,,0
1019,'1463321',841,,16,17,,,0
1019,'1463333',1241,,17,17,,,0
1019,'1463355',611,,18,17,,,0
1019,'1463379',1611,,19,17,,,0
1019,'1463398',2041,,20,17,,,0
1019,'1463405',1641,,21,17,,,0
1019,'1463416',1311,,22,17,,,0
1019,'1463417',811,,23,17,,,0
1019,'1463455',2011,,24,17,,,0
1019,'1463456',1011,,25,17,,,0
1019,'1463466',2141,,26,17,,,0
1019,'1463493',1941,,27,17,,,0
1019,'1463502',641,,28,17,,,0
1019,'1463503',941,,29,17,,,0
1019,'1463511',1741,,30,17,,,0
1019,'1463515',711,,31,17,,,0
1019,'1463529',911,,32,17,,,0
