7019,'1400344',1735,,193,8,,,0
7019,'1400361',805,,194,8,,,0
7019,'1400396',605,,195,8,,,0
7019,'1400410',1135,,196,8,,,0
7019,'1400427',635,,197,8,,,0
7019,'1400428',1205,,198,8,,,0
7019,'1400533',2005,,199,8,,,0
7019,'1400589',1905,,200,8,,,0
7019,'1400639',835,,201,8,,,0
7019,'1400662',1605,,202,8,,,0
7019,'1400683',935,,203,8,,,0
7019,'1400688',1805,,204,8,,,0
7019,'1400738',1105,,205,8,,,0
7019,'1400743',905,,206,8,,,0
7019,'1400763',1505,,207,8,,,0
7019,'1400766',2105,,208,8,,,0
7019,'1400797',1835,,209,8,,,0
7019,'1400808',1335,,210,8,,,0
7019,'1400818',1935,,211,8,,,0
7019,'1400821',1705,,212,8,,,0
7019,'1400822',1005,,213,8,,,0
7019,'1400845',2135,,214,8,,,0
7019,'1400859',705,,215,8,,,0
7019,'1400866',1635,,216,8,,,0
7019,'1400880',1405,,217,8,,,0
7019,'1400906',735,,218,8,,,0
7019,'1400929',1535,,219,8,,,0
7019,'1400945',2035,,220,8,,,0
7019,'1400947',1435,,221,8,,,0
7019,'1400962',1035,,222,8,,,0
7019,'1400973',1235,,223,8,,,0
7019,'1400992',1305,,224,8,,,0
