6019,'1412378',2004,,161,7,,,0
6019,'1412574',2134,,162,7,,,0
6019,'1412586',1104,,163,7,,,0
6019,'1412633',1904,,164,7,,,0
6019,'1412654',1934,,165,7,,,0
6019,'1412663',1434,,166,7,,,0
6019,'1412719',934,,167,7,,,0
6019,'1412861',834,,168,7,,,0
6019,'1412867',704,,169,7,,,0
6019,'1412927',1704,,170,7,,,0
6019,'1413018',1134,,171,7,,,0
6019,'1413058',1304,,172,7,,,0
6019,'1413074',604,,173,7,,,0
6019,'1413172',1334,,174,7,,,0
6019,'1413173',2034,,175,7,,,0
6019,'1413188',2104,,176,7,,,0
6019,'1413228',1404,,177,7,,,0
6019,'1413263',1004,,178,7,,,0
6019,'1413307',634,,179,7,,,0
6019,'1413432',1804,,180,7,,,0
6019,'1413444',734,,181,7,,,0
6019,'1413514',1834,,182,7,,,0
6019,'1413572',1034,,183,7,,,0
6019,'1413697',1204,,184,7,,,0
6019,'1413715',904,,185,7,,,0
6019,'1413733',1534,,186,7,,,0
6019,'1413791',1634,,187,7,,,0
6019,'1413807',804,,188,7,,,0
6019,'1413860',1234,,189,7,,,0
6019,'1413872',1504,,190,7,,,0
6019,'1413914',1604,,191,7,,,0
6019,'1413976',1734,,192,7,,,0
10029,'1309124',802,,229,7,,,0
