2019,'1475659',612,,33,18,,,0
2019,'1475660',642,,34,18,,,0
2019,'1475661',712,,35,18,,,0
2019,'1475662',742,,36,18,,,0
2019,'1475663',812,,37,18,,,0
2019,'1475664',842,,38,18,,,0
2019,'1475665',912,,39,18,,,0
2019,'1475666',942,,40,18,,,0
2019,'1475667',1012,,41,18,,,0
2019,'1475668',1042,,42,18,,,0
2019,'1475669',1112,,43,18,,,0
2019,'1475670',1142,,44,18,,,0
2019,'1475671',1212,,45,18,,,0
2019,'1475672',1242,,46,18,,,0
2019,'1475673',1312,,47,18,,,0
2019,'1475674',1342,,48,18,,,0
2019,'1475675',1412,,49,18,,,0
2019,'1475676',1442,,50,18,,,0
2019,'1475677',1512,,51,18,,,0
2019,'1475678',1542,,52,18,,,0
2019,'1475679',1612,,53,18,,,0
2019,'1475680',1642,,54,18,,,0
2019,'1475681',1712,,55,18,,,0
2019,'1475682',1742,,56,18,,,0
2019,'1475683',1812,,57,18,,,0
2019,'1475684',1842,,58,18,,,0
2019,'1475685',1912,,59,18,,,0
2019,'1475686',1942,,60,18,,,0
2019,'1475687',2012,,61,18,,,0
2019,'1475688',2042,,62,18,,,0
2019,'1475689',2112,,63,18,,,0
2019,'1475690',2142,,64,18,,,0
