3019,'1497228',617,,248,26,,,0
3019,'1497229',646,,249,26,,,0
3019,'1497230',717,,250,26,,,0
3019,'1497231',747,,251,26,,,0
3019,'1497232',817,,252,26,,,0
3019,'1497233',847,,253,26,,,0
3019,'1497234',917,,254,26,,,0
3019,'1497235',947,,255,26,,,0
3019,'1497236',1017,,256,26,,,0
3019,'1497237',1047,,257,26,,,0
3019,'1497238',1117,,258,26,,,0
3019,'1497239',1147,,259,26,,,0
3019,'1497240',1217,,260,26,,,0
3019,'1497241',1247,,261,26,,,0
3019,'1497242',1317,,262,26,,,0
3019,'1497243',1347,,263,26,,,0
3019,'1497244',1417,,264,26,,,0
3019,'1497245',1447,,265,26,,,0
3019,'1497246',1517,,266,26,,,0
3019,'1497247',1547,,267,26,,,0
3019,'1497248',1617,,268,26,,,0
3019,'1497249',1647,,269,26,,,0
3019,'1497250',1717,,270,26,,,0
3019,'1497251',1747,,271,26,,,0
3019,'1497252',1817,,272,26,,,0
3019,'1497253',1847,,273,26,,,0
3019,'1497254',1917,,274,26,,,0
3019,'1497255',1947,,275,26,,,0
3019,'1497256',2017,,276,26,,,0
3019,'1497257',2047,,277,26,,,0
3019,'1497258',2117,,278,26,,,0
3019,'1497259',2147,,279,26,,,0
