2019,'1475659',621,,33,33,,,0
2019,'1475660',651,,34,33,,,0
2019,'1475661',721,,35,33,,,0
2019,'1475662',751,,36,33,,,0
2019,'1475663',821,,37,33,,,0
2019,'1475664',851,,38,33,,,0
2019,'1475665',921,,39,33,,,0
2019,'1475666',951,,40,33,,,0
2019,'1475667',1021,,41,33,,,0
2019,'1475668',1051,,42,33,,,0
2019,'1475669',1121,,43,33,,,0
2019,'1475670',1151,,44,33,,,0
2019,'1475671',1221,,45,33,,,0
2019,'1475672',1251,,46,33,,,0
2019,'1475673',1321,,47,33,,,0
2019,'1475674',1351,,48,33,,,0
2019,'1475675',1421,,49,33,,,0
2019,'1475676',1451,,50,33,,,0
2019,'1475677',1521,,51,33,,,0
2019,'1475678',1551,,52,33,,,0
2019,'1475679',1621,,53,33,,,0
2019,'1475680',1651,,54,33,,,0
2019,'1475681',1721,,55,33,,,0
2019,'1475682',1751,,56,33,,,0
2019,'1475683',1821,,57,33,,,0
2019,'1475684',1851,,58,33,,,0
2019,'1475685',1921,,59,33,,,0
2019,'1475686',1951,,60,33,,,0
2019,'1475687',2021,,61,33,,,0
2019,'1475688',2051,,62,33,,,0
2019,'1475689',2121,,63,33,,,0
2019,'1475690',2151,,64,33,,,0
8019,'1282156',747,,225,26,,,0
