2019,'1475659',607,,33,11,,,0
2019,'1475660',637,,34,11,,,0
2019,'1475661',707,,35,11,,,0
2019,'1475662',737,,36,11,,,0
2019,'1475663',807,,37,11,,,0
2019,'1475664',837,,38,11,,,0
2019,'1475665',907,,39,11,,,0
2019,'1475666',937,,40,11,,,0
2019,'1475667',1007,,41,11,,,0
2019,'1475668',1037,,42,11,,,0
2019,'1475669',1107,,43,11,,,0
2019,'1475670',1137,,44,11,,,0
2019,'1475671',1207,,45,11,,,0
2019,'1475672',1237,,46,11,,,0
2019,'1475673',1307,,47,11,,,0
2019,'1475674',1337,,48,11,,,0
2019,'1475675',1407,,49,11,,,0
2019,'1475676',1437,,50,11,,,0
2019,'1475677',1507,,51,11,,,0
2019,'1475678',1537,,52,11,,,0
2019,'1475679',1607,,53,11,,,0
2019,'1475680',1637,,54,11,,,0
2019,'1475681',1707,,55,11,,,0
2019,'1475682',1737,,56,11,,,0
2019,'1475683',1807,,57,11,,,0
2019,'1475684',1837,,58,11,,,0
2019,'1475685',1907,,59,11,,,0
2019,'1475686',1937,,60,11,,,0
2019,'1475687',2007,,61,11,,,0
2019,'1475688',2037,,62,11,,,0
2019,'1475689',2107,,63,11,,,0
2019,'1475690',2137,,64,11,,,0
