2019,'1475659',620,,33,32,,,0
2019,'1475660',650,,34,32,,,0
2019,'1475661',720,,35,32,,,0
2019,'1475662',750,,36,32,,,0
2019,'1475663',820,,37,32,,,0
2019,'1475664',850,,38,32,,,0
2019,'1475665',920,,39,32,,,0
2019,'1475666',950,,40,32,,,0
2019,'1475667',1020,,41,32,,,0
2019,'1475668',1050,,42,32,,,0
2019,'1475669',1120,,43,32,,,0
2019,'1475670',1150,,44,32,,,0
2019,'1475671',1220,,45,32,,,0
2019,'1475672',1250,,46,32,,,0
2019,'1475673',1320,,47,32,,,0
2019,'1475674',1350,,48,32,,,0
2019,'1475675',1420,,49,32,,,0
2019,'1475676',1450,,50,32,,,0
2019,'1475677',1520,,51,32,,,0
2019,'1475678',1550,,52,32,,,0
2019,'1475679',1620,,53,32,,,0
2019,'1475680',1650,,54,32,,,0
2019,'1475681',1720,,55,32,,,0
2019,'1475682',1750,,56,32,,,0
2019,'1475683',1820,,57,32,,,0
2019,'1475684',1850,,58,32,,,0
2019,'1475685',1920,,59,32,,,0
2019,'1475686',1950,,60,32,,,0
2019,'1475687',2020,,61,32,,,0
2019,'1475688',2050,,62,32,,,0
2019,'1475689',2120,,63,32,,,0
2019,'1475690',2150,,64,32,,,0
