2019,'1475659',617,,33,27,,,0
2019,'1475660',647,,34,27,,,0
2019,'1475661',717,,35,27,,,0
2019,'1475662',747,,36,27,,,0
2019,'1475663',817,,37,27,,,0
2019,'1475664',847,,38,27,,,0
2019,'1475665',917,,39,27,,,0
2019,'1475666',947,,40,27,,,0
2019,'1475667',1017,,41,27,,,0
2019,'1475668',1047,,42,27,,,0
2019,'1475669',1117,,43,27,,,0
2019,'1475670',1147,,44,27,,,0
2019,'1475671',1217,,45,27,,,0
2019,'1475672',1247,,46,27,,,0
2019,'1475673',1317,,47,27,,,0
2019,'1475674',1347,,48,27,,,0
2019,'1475675',1417,,49,27,,,0
2019,'1475676',1447,,50,27,,,0
2019,'1475677',1517,,51,27,,,0
2019,'1475678',1547,,52,27,,,0
2019,'1475679',1617,,53,27,,,0
2019,'1475680',1647,,54,27,,,0
2019,'1475681',1717,,55,27,,,0
2019,'1475682',1747,,56,27,,,0
2019,'1475683',1817,,57,27,,,0
2019,'1475684',1847,,58,27,,,0
2019,'1475685',1917,,59,27,,,0
2019,'1475686',1947,,60,27,,,0
2019,'1475687',2017,,61,27,,,0
2019,'1475688',2047,,62,27,,,0
2019,'1475689',2117,,63,27,,,0
2019,'1475690',2147,,64,27,,,0
