1019,'1463114',1508,,1,12,,,0
1019,'1463124',1808,,2,12,,,0
1019,'1463129',738,,3,12,,,0
1019,'1463141',1338,,4,12,,,0
1019,'1463166',1108,,5,12,,,0
1019,'1463175',1038,,6,12,,,0
1019,'1463193',1538,,7,12,,,0
1019,'1463219',1908,,8,12,,,0
1019,'1463224',1408,,9,12,,,0
1019,'1463236',1438,,10,12,,,0
1019,'1463263',1838,,11,12,,,0
1019,'1463272',1708,,12,12,,,0
1019,'1463293',2108,,13,12,,,0
1019,'1463297',1208,,14,12,,,0
1019,'1463310',1138,,15,12,,,0
1019,'1463321',838,,16,12,,,0
1019,'1463333',1238,,17,12,,,0
1019,'1463355',608,,18,12,,,0
1019,'1463379',1608,,19,12,,,0
1019,'1463398',2038,,20,12,,,0
1019,'1463405',1638,,21,12,,,0
1019,'1463416',1308,,22,12,,,0
1019,'1463417',808,,23,12,,,0
1019,'1463455',2008,,24,12,,,0
1019,'1463456',1008,,25,12,,,0
1019,'1463466',2138,,26,12,,,0
1019,'1463493',1938,,27,12,,,0
1019,'1463502',638,,28,12,,,0
1019,'1463503',938,,29,12,,,0
1019,'1463511',1738,,30,12,,,0
1019,'1463515',708,,31,12,,,0
1019,'1463529',908,,32,12,,,0
8019,'1309753',828,,226,49,4,,0
8019,'1309755',1508,3,227,3,,,0
10029,'1309124',825,,229,42,4,,0
10029,'1309218',1508,3,230,3,,,0
