1019,'1463114',1505,,1,7,,,0
1019,'1463124',1805,,2,7,,,0
1019,'1463129',735,,3,7,,,0
1019,'1463141',1335,,4,7,,,0
1019,'1463166',1105,,5,7,,,0
1019,'1463175',1035,,6,7,,,0
1019,'1463193',1535,,7,7,,,0
1019,'1463219',1905,,8,7,,,0
1019,'1463224',1405,,9,7,,,0
1019,'1463236',1435,,10,7,,,0
1019,'1463263',1835,,11,7,,,0
1019,'1463272',1705,,12,7,,,0
1019,'1463293',2105,,13,7,,,0
1019,'1463297',1205,,14,7,,,0
1019,'1463310',1135,,15,7,,,0
1019,'1463321',835,,16,7,,,0
1019,'1463333',1235,,17,7,,,0
1019,'1463355',605,,18,7,,,0
1019,'1463379',1605,,19,7,,,0
1019,'1463398',2035,,20,7,,,0
1019,'1463405',1635,,21,7,,,0
1019,'1463416',1305,,22,7,,,0
1019,'1463417',805,,23,7,,,0
1019,'1463455',2005,,24,7,,,0
1019,'1463456',1005,,25,7,,,0
1019,'1463466',2135,,26,7,,,0
1019,'1463493',1935,,27,7,,,0
1019,'1463502',635,,28,7,,,0
1019,'1463503',935,,29,7,,,0
1019,'1463511',1735,,30,7,,,0
1019,'1463515',705,,31,7,,,0
1019,'1463529',905,,32,7,,,0
