6019,'1412378',2016,,161,33,,,0
6019,'1412574',2146,,162,33,,,0
6019,'1412586',1116,,163,33,,,0
6019,'1412633',1916,,164,33,,,0
6019,'1412654',1946,,165,33,,,0
6019,'1412663',1446,,166,33,,,0
6019,'1412719',946,,167,33,,,0
6019,'1412861',846,,168,33,,,0
6019,'1412867',716,,169,33,,,0
6019,'1412927',1716,,170,33,,,0
6019,'1413018',1146,,171,33,,,0
6019,'1413058',1316,,172,33,,,0
6019,'1413074',616,,173,33,,,0
6019,'1413172',1346,,174,33,,,0
6019,'1413173',2046,,175,33,,,0
6019,'1413188',2116,,176,33,,,0
6019,'1413228',1416,,177,33,,,0
6019,'1413263',1016,,178,33,,,0
6019,'1413307',646,,179,33,,,0
6019,'1413432',1816,,180,33,,,0
6019,'1413444',746,,181,33,,,0
6019,'1413514',1846,,182,33,,,0
6019,'1413572',1046,,183,33,,,0
6019,'1413697',1216,,184,33,,,0
6019,'1413715',916,,185,33,,,0
6019,'1413733',1546,,186,33,,,0
6019,'1413791',1646,,187,33,,,0
6019,'1413807',816,,188,33,,,0
6019,'1413860',1246,,189,33,,,0
6019,'1413872',1516,,190,33,,,0
6019,'1413914',1616,,191,33,,,0
6019,'1413976',1746,,192,33,,,0
10029,'1309124',813,,229,29,,,0
