7019,'1400344',1741,,193,17,,,0
7019,'1400361',811,,194,17,,,0
7019,'1400396',611,,195,17,,,0
7019,'1400410',1141,,196,17,,,0
7019,'1400427',641,,197,17,,,0
7019,'1400428',1211,,198,17,,,0
7019,'1400533',2011,,199,17,,,0
7019,'1400589',1911,,200,17,,,0
7019,'1400639',841,,201,17,,,0
7019,'1400662',1611,,202,17,,,0
7019,'1400683',941,,203,17,,,0
7019,'1400688',1811,,204,17,,,0
7019,'1400738',1111,,205,17,,,0
7019,'1400743',911,,206,17,,,0
7019,'1400763',1511,,207,17,,,0
7019,'1400766',2111,,208,17,,,0
7019,'1400797',1841,,209,17,,,0
7019,'1400808',1341,,210,17,,,0
7019,'1400818',1941,,211,17,,,0
7019,'1400821',1711,,212,17,,,0
7019,'1400822',1011,,213,17,,,0
7019,'1400845',2141,,214,17,,,0
7019,'1400859',711,,215,17,,,0
7019,'1400866',1641,,216,17,,,0
7019,'1400880',1411,,217,17,,,0
7019,'1400906',741,,218,17,,,0
7019,'1400929',1541,,219,17,,,0
7019,'1400945',2041,,220,17,,,0
7019,'1400947',1441,,221,17,,,0
7019,'1400962',1041,,222,17,,,0
7019,'1400973',1241,,223,17,,,0
7019,'1400992',1311,,224,17,,,0
