6019,'1412378',2006,,161,11,,,0
6019,'1412574',2136,,162,11,,,0
6019,'1412586',1106,,163,11,,,0
6019,'1412633',1906,,164,11,,,0
6019,'1412654',1936,,165,11,,,0
6019,'1412663',1436,,166,11,,,0
6019,'1412719',936,,167,11,,,0
6019,'1412861',836,,168,11,,,0
6019,'1412867',706,,169,11,,,0
6019,'1412927',1706,,170,11,,,0
6019,'1413018',1136,,171,11,,,0
6019,'1413058',1306,,172,11,,,0
6019,'1413074',606,,173,11,,,0
6019,'1413172',1336,,174,11,,,0
6019,'1413173',2036,,175,11,,,0
6019,'1413188',2106,,176,11,,,0
6019,'1413228',1406,,177,11,,,0
6019,'1413263',1006,,178,11,,,0
6019,'1413307',636,,179,11,,,0
6019,'1413432',1806,,180,11,,,0
6019,'1413444',736,,181,11,,,0
6019,'1413514',1836,,182,11,,,0
6019,'1413572',1036,,183,11,,,0
6019,'1413697',1206,,184,11,,,0
6019,'1413715',906,,185,11,,,0
6019,'1413733',1536,,186,11,,,0
6019,'1413791',1636,,187,11,,,0
6019,'1413807',806,,188,11,,,0
6019,'1413860',1236,,189,11,,,0
6019,'1413872',1506,,190,11,,,0
6019,'1413914',1606,,191,11,,,0
6019,'1413976',1736,,192,11,,,0
