6019,'1412378',2002,,161,5,,,0
6019,'1412574',2132,,162,5,,,0
6019,'1412586',1102,,163,5,,,0
6019,'1412633',1902,,164,5,,,0
6019,'1412654',1932,,165,5,,,0
6019,'1412663',1432,,166,5,,,0
6019,'1412719',932,,167,5,,,0
6019,'1412861',832,,168,5,,,0
6019,'1412867',702,,169,5,,,0
6019,'1412927',1702,,170,5,,,0
6019,'1413018',1132,,171,5,,,0
6019,'1413058',1302,,172,5,,,0
6019,'1413074',602,,173,5,,,0
6019,'1413172',1332,,174,5,,,0
6019,'1413173',2032,,175,5,,,0
6019,'1413188',2102,,176,5,,,0
6019,'1413228',1402,,177,5,,,0
6019,'1413263',1002,,178,5,,,0
6019,'1413307',632,,179,5,,,0
6019,'1413432',1802,,180,5,,,0
6019,'1413444',732,,181,5,,,0
6019,'1413514',1832,,182,5,,,0
6019,'1413572',1032,,183,5,,,0
6019,'1413697',1202,,184,5,,,0
6019,'1413715',902,,185,5,,,0
6019,'1413733',1532,,186,5,,,0
6019,'1413791',1632,,187,5,,,0
6019,'1413807',802,,188,5,,,0
6019,'1413860',1232,,189,5,,,0
6019,'1413872',1502,,190,5,,,0
6019,'1413914',1602,,191,5,,,0
6019,'1413976',1732,,192,5,,,0
10029,'1309124',800,,229,5,,,0
