1019,'1463114',1504,,1,5,,,0
1019,'1463124',1804,,2,5,,,0
1019,'1463129',734,,3,5,,,0
1019,'1463141',1334,,4,5,,,0
1019,'1463166',1104,,5,5,,,0
1019,'1463175',1034,,6,5,,,0
1019,'1463193',1534,,7,5,,,0
1019,'1463219',1904,,8,5,,,0
1019,'1463224',1404,,9,5,,,0
1019,'1463236',1434,,10,5,,,0
1019,'1463263',1834,,11,5,,,0
1019,'1463272',1704,,12,5,,,0
1019,'1463293',2104,,13,5,,,0
1019,'1463297',1204,,14,5,,,0
1019,'1463310',1134,,15,5,,,0
1019,'1463321',834,,16,5,,,0
1019,'1463333',1234,,17,5,,,0
1019,'1463355',604,,18,5,,,0
1019,'1463379',1604,,19,5,,,0
1019,'1463398',2034,,20,5,,,0
1019,'1463405',1634,,21,5,,,0
1019,'1463416',1304,,22,5,,,0
1019,'1463417',804,,23,5,,,0
1019,'1463455',2004,,24,5,,,0
1019,'1463456',1004,,25,5,,,0
1019,'1463466',2134,,26,5,,,0
1019,'1463493',1934,,27,5,,,0
1019,'1463502',634,,28,5,,,0
1019,'1463503',934,,29,5,,,0
1019,'1463511',1734,,30,5,,,0
1019,'1463515',704,,31,5,,,0
1019,'1463529',904,,32,5,,,0
