1019,'1463114',1514,,1,23,,,0
1019,'1463124',1814,,2,23,,,0
1019,'1463129',744,,3,23,,,0
1019,'1463141',1344,,4,23,,,0
1019,'1463166',1114,,5,23,,,0
1019,'1463175',1044,,6,23,,,0
1019,'1463193',1544,,7,23,,,0
1019,'1463219',1914,,8,23,,,0
1019,'1463224',1414,,9,23,,,0
1019,'1463236',1444,,10,23,,,0
1019,'1463263',1844,,11,23,,,0
1019,'1463272',1714,,12,23,,,0
1019,'1463293',2114,,13,23,,,0
1019,'1463297',1214,,14,23,,,0
1019,'1463310',1144,,15,23,,,0
1019,'1463321',844,,16,23,,,0
1019,'1463333',1244,,17,23,,,0
1019,'1463355',614,,18,23,,,0
1019,'1463379',1614,,19,23,,,0
1019,'1463398',2044,,20,23,,,0
1019,'1463405',1644,,21,23,,,0
1019,'1463416',1314,,22,23,,,0
1019,'1463417',814,,23,23,,,0
1019,'1463455',2014,,24,23,,,0
1019,'1463456',1014,,25,23,,,0
1019,'1463466',2144,,26,23,,,0
1019,'1463493',1944,,27,23,,,0
1019,'1463502',644,,28,23,,,0
1019,'1463503',944,,29,23,,,0
1019,'1463511',1744,,30,23,,,0
1019,'1463515',714,,31,23,,,0
1019,'1463529',914,,32,23,,,0
