6019,'1412378',2015,,161,29,,,0
6019,'1412574',2145,,162,29,,,0
6019,'1412586',1115,,163,29,,,0
6019,'1412633',1915,,164,29,,,0
6019,'1412654',1945,,165,29,,,0
6019,'1412663',1445,,166,29,,,0
6019,'1412719',945,,167,29,,,0
6019,'1412861',845,,168,29,,,0
6019,'1412867',715,,169,29,,,0
6019,'1412927',1715,,170,29,,,0
6019,'1413018',1145,,171,29,,,0
6019,'1413058',1315,,172,29,,,0
6019,'1413074',615,,173,29,,,0
6019,'1413172',1345,,174,29,,,0
6019,'1413173',2045,,175,29,,,0
6019,'1413188',2115,,176,29,,,0
6019,'1413228',1415,,177,29,,,0
6019,'1413263',1015,,178,29,,,0
6019,'1413307',645,,179,29,,,0
6019,'1413432',1815,,180,29,,,0
6019,'1413444',745,,181,29,,,0
6019,'1413514',1845,,182,29,,,0
6019,'1413572',1045,,183,29,,,0
6019,'1413697',1215,,184,29,,,0
6019,'1413715',915,,185,29,,,0
6019,'1413733',1545,,186,29,,,0
6019,'1413791',1645,,187,29,,,0
6019,'1413807',815,,188,29,,,0
6019,'1413860',1245,,189,29,,,0
6019,'1413872',1515,,190,29,,,0
6019,'1413914',1615,,191,29,,,0
6019,'1413976',1745,,192,29,,,0
10029,'1309124',812,,229,25,,,0
