4019,'1279123',1435,,97,7,,,0
4019,'1279171',705,,98,7,,,0
4019,'1279191',905,,99,7,,,0
4019,'1279351',2035,,100,7,,,0
4019,'1279362',1835,,101,7,,,0
4019,'1279469',1335,,102,7,,,0
4019,'1279906',2005,,103,7,,,0
4019,'1280189',735,,104,7,,,0
4019,'1280192',1035,,105,7,,,0
4019,'1280293',835,,106,7,,,0
4019,'1280507',1935,,107,7,,,0
4019,'1280838',1705,,108,7,,,0
4019,'1280921',1205,,109,7,,,0
4019,'1281220',605,,110,7,,,0
4019,'1281330',1605,,111,7,,,0
4019,'1281387',2135,,112,7,,,0
4019,'1281529',1005,,113,7,,,0
4019,'1281609',805,,114,7,,,0
4019,'1281636',1905,,115,7,,,0
4019,'1281937',1305,,116,7,,,0
4019,'1282104',1505,,117,7,,,0
4019,'1282143',1735,,118,7,,,0
4019,'1282256',935,,119,7,,,0
4019,'1282401',1805,,120,7,,,0
4019,'1282483',1135,,121,7,,,0
4019,'1282867',1105,,122,7,,,0
4019,'1282877',1535,,123,7,,,0
4019,'1283160',1235,,124,7,,,0
4019,'1283459',635,,125,7,,,0
4019,'1283542',1635,,126,7,,,0
4019,'1283577',1405,,127,7,,,0
4019,'1283657',2105,,128,7,,,0
10019,'1280418',732,,228,7,,,0
