2019,'1475659',608,,33,14,,,0
2019,'1475660',638,,34,14,,,0
2019,'1475661',708,,35,14,,,0
2019,'1475662',738,,36,14,,,0
2019,'1475663',808,,37,14,,,0
2019,'1475664',838,,38,14,,,0
2019,'1475665',908,,39,14,,,0
2019,'1475666',938,,40,14,,,0
2019,'1475667',1008,,41,14,,,0
2019,'1475668',1038,,42,14,,,0
2019,'1475669',1108,,43,14,,,0
2019,'1475670',1138,,44,14,,,0
2019,'1475671',1208,,45,14,,,0
2019,'1475672',1238,,46,14,,,0
2019,'1475673',1308,,47,14,,,0
2019,'1475674',1338,,48,14,,,0
2019,'1475675',1408,,49,14,,,0
2019,'1475676',1438,,50,14,,,0
2019,'1475677',1508,,51,14,,,0
2019,'1475678',1538,,52,14,,,0
2019,'1475679',1608,,53,14,,,0
2019,'1475680',1638,,54,14,,,0
2019,'1475681',1708,,55,14,,,0
2019,'1475682',1738,,56,14,,,0
2019,'1475683',1808,,57,14,,,0
2019,'1475684',1838,,58,14,,,0
2019,'1475685',1908,,59,14,,,0
2019,'1475686',1938,,60,14,,,0
2019,'1475687',2008,,61,14,,,0
2019,'1475688',2038,,62,14,,,0
2019,'1475689',2108,,63,14,,,0
2019,'1475690',2138,,64,14,,,0
