11019,'1468577',1722,2,231,5,,,0
11019,'1468578',1753,,232,5,,,0
11019,'1468579',1823,,233,5,,,0
11019,'1468580',1853,,234,5,,,0
11019,'1468581',1923,,235,5,,,0
11019,'1468582',1953,,236,5,,,0
11019,'1468583',2023,,237,5,,,0
11019,'1468584',2053,,238,5,,,0
11019,'1468585',2123,,239,5,,,0
12019,'1468586',1738,,240,5,,,0
12019,'1468587',1808,,241,5,,,0
12019,'1468588',1838,,242,5,,,0
12019,'1468589',1908,,243,5,,,0
12019,'1468590',1938,,244,5,,,0
12019,'1468591',2008,,245,5,,,0
12019,'1468592',2038,,246,5,,,0
12019,'1468593',2108,,247,5,,,0
