3019,'1497228',615,,248,21,,,0
3019,'1497229',645,,249,21,,,0
3019,'1497230',715,,250,21,,,0
3019,'1497231',745,,251,21,,,0
3019,'1497232',815,,252,21,,,0
3019,'1497233',845,,253,21,,,0
3019,'1497234',915,,254,21,,,0
3019,'1497235',945,,255,21,,,0
3019,'1497236',1015,,256,21,,,0
3019,'1497237',1045,,257,21,,,0
3019,'1497238',1115,,258,21,,,0
3019,'1497239',1145,,259,21,,,0
3019,'1497240',1215,,260,21,,,0
3019,'1497241',1245,,261,21,,,0
3019,'1497242',1315,,262,21,,,0
3019,'1497243',1345,,263,21,,,0
3019,'1497244',1415,,264,21,,,0
3019,'1497245',1445,,265,21,,,0
3019,'1497246',1515,,266,21,,,0
3019,'1497247',1545,,267,21,,,0
3019,'1497248',1615,,268,21,,,0
3019,'1497249',1645,,269,21,,,0
3019,'1497250',1715,,270,21,,,0
3019,'1497251',1745,,271,21,,,0
3019,'1497252',1815,,272,21,,,0
3019,'1497253',1845,,273,21,,,0
3019,'1497254',1915,,274,21,,,0
3019,'1497255',1945,,275,21,,,0
3019,'1497256',2015,,276,21,,,0
3019,'1497257',2045,,277,21,,,0
3019,'1497258',2115,,278,21,,,0
3019,'1497259',2145,,279,21,,,0
