2019,'1475659',625,,33,37,,,0
2019,'1475660',655,,34,37,,,0
2019,'1475661',725,,35,37,,,0
2019,'1475662',755,,36,37,,,0
2019,'1475663',825,,37,37,,,0
2019,'1475664',855,,38,37,,,0
2019,'1475665',925,,39,37,,,0
2019,'1475666',955,,40,37,,,0
2019,'1475667',1025,,41,37,,,0
2019,'1475668',1055,,42,37,,,0
2019,'1475669',1125,,43,37,,,0
2019,'1475670',1155,,44,37,,,0
2019,'1475671',1225,,45,37,,,0
2019,'1475672',1255,,46,37,,,0
2019,'1475673',1325,,47,37,,,0
2019,'1475674',1355,,48,37,,,0
2019,'1475675',1425,,49,37,,,0
2019,'1475676',1455,,50,37,,,0
2019,'1475677',1525,,51,37,,,0
2019,'1475678',1555,,52,37,,,0
2019,'1475679',1625,,53,37,,,0
2019,'1475680',1655,,54,37,,,0
2019,'1475681',1725,,55,37,,,0
2019,'1475682',1755,,56,37,,,0
2019,'1475683',1825,,57,37,,,0
2019,'1475684',1855,,58,37,,,0
2019,'1475685',1925,,59,37,,,0
2019,'1475686',1955,,60,37,,,0
2019,'1475687',2025,,61,37,,,0
2019,'1475688',2055,,62,37,,,0
2019,'1475689',2125,,63,37,,,0
2019,'1475690',2155,,64,37,,,0
3019,'1497228',625,,248,40,,,0
3019,'1497229',656,,249,40,,,0
3019,'1497230',725,,250,40,,,0
3019,'1497231',755,,251,40,,,0
3019,'1497232',825,,252,40,,,0
3019,'1497233',855,,253,40,,,0
3019,'1497234',925,,254,40,,,0
3019,'1497235',955,,255,40,,,0
3019,'1497236',1025,,256,40,,,0
3019,'1497237',1055,,257,40,,,0
3019,'1497238',1125,,258,40,,,0
3019,'1497239',1155,,259,40,,,0
3019,'1497240',1225,,260,40,,,0
3019,'1497241',1255,,261,40,,,0
3019,'1497242',1325,,262,40,,,0
3019,'1497243',1355,,263,40,,,0
3019,'1497244',1425,,264,40,,,0
3019,'1497245',1455,,265,40,,,0
3019,'1497246',1525,,266,40,,,0
3019,'1497247',1555,,267,40,,,0
3019,'1497248',1625,,268,40,,,0
3019,'1497249',1655,,269,40,,,0
3019,'1497250',1725,,270,40,,,0
3019,'1497251',1755,,271,40,,,0
3019,'1497252',1825,,272,40,,,0
3019,'1497253',1855,,273,40,,,0
3019,'1497254',1925,,274,40,,,0
3019,'1497255',1955,,275,40,,,0
3019,'1497256',2025,,276,40,,,0
3019,'1497257',2055,,277,40,,,0
3019,'1497258',2125,,278,40,,,0
3019,'1497259',2155,,279,40,,,0
8019,'1282156',750,,225,30,,,0
