3019,'1497228',609,,248,14,,,0
3019,'1497229',639,,249,14,,,0
3019,'1497230',709,,250,14,,,0
3019,'1497231',739,,251,14,,,0
3019,'1497232',809,,252,14,,,0
3019,'1497233',839,,253,14,,,0
3019,'1497234',909,,254,14,,,0
3019,'1497235',939,,255,14,,,0
3019,'1497236',1009,,256,14,,,0
3019,'1497237',1039,,257,14,,,0
3019,'1497238',1109,,258,14,,,0
3019,'1497239',1139,,259,14,,,0
3019,'1497240',1209,,260,14,,,0
3019,'1497241',1239,,261,14,,,0
3019,'1497242',1309,,262,14,,,0
3019,'1497243',1339,,263,14,,,0
3019,'1497244',1409,,264,14,,,0
3019,'1497245',1439,,265,14,,,0
3019,'1497246',1509,,266,14,,,0
3019,'1497247',1539,,267,14,,,0
3019,'1497248',1609,,268,14,,,0
3019,'1497249',1639,,269,14,,,0
3019,'1497250',1709,,270,14,,,0
3019,'1497251',1739,,271,14,,,0
3019,'1497252',1809,,272,14,,,0
3019,'1497253',1839,,273,14,,,0
3019,'1497254',1909,,274,14,,,0
3019,'1497255',1939,,275,14,,,0
3019,'1497256',2009,,276,14,,,0
3019,'1497257',2039,,277,14,,,0
3019,'1497258',2109,,278,14,,,0
3019,'1497259',2139,,279,14,,,0
