4019,'1279123',1445,,97,26,,,0
4019,'1279171',715,,98,26,,,0
4019,'1279191',915,,99,26,,,0
4019,'1279351',2045,,100,26,,,0
4019,'1279362',1845,,101,26,,,0
4019,'1279469',1345,,102,26,,,0
4019,'1279906',2015,,103,26,,,0
4019,'1280189',745,,104,26,,,0
4019,'1280192',1045,,105,26,,,0
4019,'1280293',845,,106,26,,,0
4019,'1280507',1945,,107,26,,,0
4019,'1280838',1715,,108,26,,,0
4019,'1280921',1215,,109,26,,,0
4019,'1281220',615,,110,26,,,0
4019,'1281330',1615,,111,26,,,0
4019,'1281387',2145,,112,26,,,0
4019,'1281529',1015,,113,26,,,0
4019,'1281609',815,,114,26,,,0
4019,'1281636',1915,,115,26,,,0
4019,'1281937',1315,,116,26,,,0
4019,'1282104',1515,,117,26,,,0
4019,'1282143',1745,,118,26,,,0
4019,'1282256',945,,119,26,,,0
4019,'1282401',1815,,120,26,,,0
4019,'1282483',1145,,121,26,,,0
4019,'1282867',1115,,122,26,,,0
4019,'1282877',1545,,123,26,,,0
4019,'1283160',1245,,124,26,,,0
4019,'1283459',645,,125,26,,,0
4019,'1283542',1645,,126,26,,,0
4019,'1283577',1415,,127,26,,,0
4019,'1283657',2115,,128,26,,,0
10019,'1280418',742,,228,22,,,0
