7019,'1400344',1749,,193,32,,,0
7019,'1400361',819,,194,32,,,0
7019,'1400396',619,,195,32,,,0
7019,'1400410',1149,,196,32,,,0
7019,'1400427',649,,197,32,,,0
7019,'1400428',1219,,198,32,,,0
7019,'1400533',2019,,199,32,,,0
7019,'1400589',1919,,200,32,,,0
7019,'1400639',849,,201,32,,,0
7019,'1400662',1619,,202,32,,,0
7019,'1400683',949,,203,32,,,0
7019,'1400688',1819,,204,32,,,0
7019,'1400738',1119,,205,32,,,0
7019,'1400743',919,,206,32,,,0
7019,'1400763',1519,,207,32,,,0
7019,'1400766',2119,,208,32,,,0
7019,'1400797',1849,,209,32,,,0
7019,'1400808',1349,,210,32,,,0
7019,'1400818',1949,,211,32,,,0
7019,'1400821',1719,,212,32,,,0
7019,'1400822',1019,,213,32,,,0
7019,'1400845',2149,,214,32,,,0
7019,'1400859',719,,215,32,,,0
7019,'1400866',1649,,216,32,,,0
7019,'1400880',1419,,217,32,,,0
7019,'1400906',749,,218,32,,,0
7019,'1400929',1549,,219,32,,,0
7019,'1400945',2049,,220,32,,,0
7019,'1400947',1449,,221,32,,,0
7019,'1400962',1049,,222,32,,,0
7019,'1400973',1249,,223,32,,,0
7019,'1400992',1319,,224,32,,,0
