3019,'1497228',617,,248,27,,,0
3019,'1497229',647,,249,27,,,0
3019,'1497230',717,,250,27,,,0
3019,'1497231',747,,251,27,,,0
3019,'1497232',817,,252,27,,,0
3019,'1497233',847,,253,27,,,0
3019,'1497234',917,,254,27,,,0
3019,'1497235',947,,255,27,,,0
3019,'1497236',1017,,256,27,,,0
3019,'1497237',1047,,257,27,,,0
3019,'1497238',1117,,258,27,,,0
3019,'1497239',1147,,259,27,,,0
3019,'1497240',1217,,260,27,,,0
3019,'1497241',1247,,261,27,,,0
3019,'1497242',1317,,262,27,,,0
3019,'1497243',1347,,263,27,,,0
3019,'1497244',1417,,264,27,,,0
3019,'1497245',1447,,265,27,,,0
3019,'1497246',1517,,266,27,,,0
3019,'1497247',1547,,267,27,,,0
3019,'1497248',1617,,268,27,,,0
3019,'1497249',1647,,269,27,,,0
3019,'1497250',1717,,270,27,,,0
3019,'1497251',1747,,271,27,,,0
3019,'1497252',1817,,272,27,,,0
3019,'1497253',1847,,273,27,,,0
3019,'1497254',1917,,274,27,,,0
3019,'1497255',1947,,275,27,,,0
3019,'1497256',2017,,276,27,,,0
3019,'1497257',2047,,277,27,,,0
3019,'1497258',2117,,278,27,,,0
3019,'1497259',2147,,279,27,,,0
