3019,'1497228',608,,248,13,,,0
3019,'1497229',638,,249,13,,,0
3019,'1497230',708,,250,13,,,0
3019,'1497231',738,,251,13,,,0
3019,'1497232',808,,252,13,,,0
3019,'1497233',838,,253,13,,,0
3019,'1497234',908,,254,13,,,0
3019,'1497235',938,,255,13,,,0
3019,'1497236',1008,,256,13,,,0
3019,'1497237',1038,,257,13,,,0
3019,'1497238',1108,,258,13,,,0
3019,'1497239',1138,,259,13,,,0
3019,'1497240',1208,,260,13,,,0
3019,'1497241',1238,,261,13,,,0
3019,'1497242',1308,,262,13,,,0
3019,'1497243',1338,,263,13,,,0
3019,'1497244',1408,,264,13,,,0
3019,'1497245',1438,,265,13,,,0
3019,'1497246',1508,,266,13,,,0
3019,'1497247',1538,,267,13,,,0
3019,'1497248',1608,,268,13,,,0
3019,'1497249',1638,,269,13,,,0
3019,'1497250',1708,,270,13,,,0
3019,'1497251',1738,,271,13,,,0
3019,'1497252',1808,,272,13,,,0
3019,'1497253',1838,,273,13,,,0
3019,'1497254',1908,,274,13,,,0
3019,'1497255',1938,,275,13,,,0
3019,'1497256',2008,,276,13,,,0
3019,'1497257',2038,,277,13,,,0
3019,'1497258',2108,,278,13,,,0
3019,'1497259',2138,,279,13,,,0
