7019,'1400344',1735,,193,7,,,0
7019,'1400361',805,,194,7,,,0
7019,'1400396',605,,195,7,,,0
7019,'1400410',1135,,196,7,,,0
7019,'1400427',635,,197,7,,,0
7019,'1400428',1205,,198,7,,,0
7019,'1400533',2005,,199,7,,,0
7019,'1400589',1905,,200,7,,,0
7019,'1400639',835,,201,7,,,0
7019,'1400662',1605,,202,7,,,0
7019,'1400683',935,,203,7,,,0
7019,'1400688',1805,,204,7,,,0
7019,'1400738',1105,,205,7,,,0
7019,'1400743',905,,206,7,,,0
7019,'1400763',1505,,207,7,,,0
7019,'1400766',2105,,208,7,,,0
7019,'1400797',1835,,209,7,,,0
7019,'1400808',1335,,210,7,,,0
7019,'1400818',1935,,211,7,,,0
7019,'1400821',1705,,212,7,,,0
7019,'1400822',1005,,213,7,,,0
7019,'1400845',2135,,214,7,,,0
7019,'1400859',705,,215,7,,,0
7019,'1400866',1635,,216,7,,,0
7019,'1400880',1405,,217,7,,,0
7019,'1400906',735,,218,7,,,0
7019,'1400929',1535,,219,7,,,0
7019,'1400945',2035,,220,7,,,0
7019,'1400947',1435,,221,7,,,0
7019,'1400962',1035,,222,7,,,0
7019,'1400973',1235,,223,7,,,0
7019,'1400992',1305,,224,7,,,0
