7019,'1400344',1736,,193,9,,,0
7019,'1400361',806,,194,9,,,0
7019,'1400396',606,,195,9,,,0
7019,'1400410',1136,,196,9,,,0
7019,'1400427',636,,197,9,,,0
7019,'1400428',1206,,198,9,,,0
7019,'1400533',2006,,199,9,,,0
7019,'1400589',1906,,200,9,,,0
7019,'1400639',836,,201,9,,,0
7019,'1400662',1606,,202,9,,,0
7019,'1400683',936,,203,9,,,0
7019,'1400688',1806,,204,9,,,0
7019,'1400738',1106,,205,9,,,0
7019,'1400743',906,,206,9,,,0
7019,'1400763',1506,,207,9,,,0
7019,'1400766',2106,,208,9,,,0
7019,'1400797',1836,,209,9,,,0
7019,'1400808',1336,,210,9,,,0
7019,'1400818',1936,,211,9,,,0
7019,'1400821',1706,,212,9,,,0
7019,'1400822',1006,,213,9,,,0
7019,'1400845',2136,,214,9,,,0
7019,'1400859',706,,215,9,,,0
7019,'1400866',1636,,216,9,,,0
7019,'1400880',1406,,217,9,,,0
7019,'1400906',736,,218,9,,,0
7019,'1400929',1536,,219,9,,,0
7019,'1400945',2036,,220,9,,,0
7019,'1400947',1436,,221,9,,,0
7019,'1400962',1036,,222,9,,,0
7019,'1400973',1236,,223,9,,,0
7019,'1400992',1306,,224,9,,,0
