4019,'1279123',1436,,97,9,,,0
4019,'1279171',706,,98,9,,,0
4019,'1279191',906,,99,9,,,0
4019,'1279351',2036,,100,9,,,0
4019,'1279362',1836,,101,9,,,0
4019,'1279469',1336,,102,9,,,0
4019,'1279906',2006,,103,9,,,0
4019,'1280189',736,,104,9,,,0
4019,'1280192',1036,,105,9,,,0
4019,'1280293',836,,106,9,,,0
4019,'1280507',1936,,107,9,,,0
4019,'1280838',1706,,108,9,,,0
4019,'1280921',1206,,109,9,,,0
4019,'1281220',606,,110,9,,,0
4019,'1281330',1606,,111,9,,,0
4019,'1281387',2136,,112,9,,,0
4019,'1281529',1006,,113,9,,,0
4019,'1281609',806,,114,9,,,0
4019,'1281636',1906,,115,9,,,0
4019,'1281937',1306,,116,9,,,0
4019,'1282104',1506,,117,9,,,0
4019,'1282143',1736,,118,9,,,0
4019,'1282256',936,,119,9,,,0
4019,'1282401',1806,,120,9,,,0
4019,'1282483',1136,,121,9,,,0
4019,'1282867',1106,,122,9,,,0
4019,'1282877',1536,,123,9,,,0
4019,'1283160',1236,,124,9,,,0
4019,'1283459',636,,125,9,,,0
4019,'1283542',1636,,126,9,,,0
4019,'1283577',1406,,127,9,,,0
4019,'1283657',2106,,128,9,,,0
