1019,'1463114',1506,,1,9,,,0
1019,'1463124',1806,,2,9,,,0
1019,'1463129',736,,3,9,,,0
1019,'1463141',1336,,4,9,,,0
1019,'1463166',1106,,5,9,,,0
1019,'1463175',1036,,6,9,,,0
1019,'1463193',1536,,7,9,,,0
1019,'1463219',1906,,8,9,,,0
1019,'1463224',1406,,9,9,,,0
1019,'1463236',1436,,10,9,,,0
1019,'1463263',1836,,11,9,,,0
1019,'1463272',1706,,12,9,,,0
1019,'1463293',2106,,13,9,,,0
1019,'1463297',1206,,14,9,,,0
1019,'1463310',1136,,15,9,,,0
1019,'1463321',836,,16,9,,,0
1019,'1463333',1236,,17,9,,,0
1019,'1463355',606,,18,9,,,0
1019,'1463379',1606,,19,9,,,0
1019,'1463398',2036,,20,9,,,0
1019,'1463405',1636,,21,9,,,0
1019,'1463416',1306,,22,9,,,0
1019,'1463417',806,,23,9,,,0
1019,'1463455',2006,,24,9,,,0
1019,'1463456',1006,,25,9,,,0
1019,'1463466',2136,,26,9,,,0
1019,'1463493',1936,,27,9,,,0
1019,'1463502',636,,28,9,,,0
1019,'1463503',936,,29,9,,,0
1019,'1463511',1736,,30,9,,,0
1019,'1463515',706,,31,9,,,0
1019,'1463529',906,,32,9,,,0
