6019,'1412378',2007,,161,12,,,0
6019,'1412574',2137,,162,12,,,0
6019,'1412586',1107,,163,12,,,0
6019,'1412633',1907,,164,12,,,0
6019,'1412654',1937,,165,12,,,0
6019,'1412663',1437,,166,12,,,0
6019,'1412719',937,,167,12,,,0
6019,'1412861',837,,168,12,,,0
6019,'1412867',707,,169,12,,,0
6019,'1412927',1707,,170,12,,,0
6019,'1413018',1137,,171,12,,,0
6019,'1413058',1307,,172,12,,,0
6019,'1413074',607,,173,12,,,0
6019,'1413172',1337,,174,12,,,0
6019,'1413173',2037,,175,12,,,0
6019,'1413188',2107,,176,12,,,0
6019,'1413228',1407,,177,12,,,0
6019,'1413263',1007,,178,12,,,0
6019,'1413307',637,,179,12,,,0
6019,'1413432',1807,,180,12,,,0
6019,'1413444',737,,181,12,,,0
6019,'1413514',1837,,182,12,,,0
6019,'1413572',1037,,183,12,,,0
6019,'1413697',1207,,184,12,,,0
6019,'1413715',907,,185,12,,,0
6019,'1413733',1537,,186,12,,,0
6019,'1413791',1637,,187,12,,,0
6019,'1413807',807,,188,12,,,0
6019,'1413860',1237,,189,12,,,0
6019,'1413872',1507,,190,12,,,0
6019,'1413914',1607,,191,12,,,0
6019,'1413976',1737,,192,12,,,0
10029,'1309124',804,,229,11,,,0
