1019,'1463114',1514,,1,22,,,0
1019,'1463124',1814,,2,22,,,0
1019,'1463129',744,,3,22,,,0
1019,'1463141',1344,,4,22,,,0
1019,'1463166',1114,,5,22,,,0
1019,'1463175',1044,,6,22,,,0
1019,'1463193',1544,,7,22,,,0
1019,'1463219',1914,,8,22,,,0
1019,'1463224',1414,,9,22,,,0
1019,'1463236',1444,,10,22,,,0
1019,'1463263',1844,,11,22,,,0
1019,'1463272',1714,,12,22,,,0
1019,'1463293',2114,,13,22,,,0
1019,'1463297',1214,,14,22,,,0
1019,'1463310',1144,,15,22,,,0
1019,'1463321',844,,16,22,,,0
1019,'1463333',1244,,17,22,,,0
1019,'1463355',614,,18,22,,,0
1019,'1463379',1614,,19,22,,,0
1019,'1463398',2044,,20,22,,,0
1019,'1463405',1644,,21,22,,,0
1019,'1463416',1314,,22,22,,,0
1019,'1463417',814,,23,22,,,0
1019,'1463455',2014,,24,22,,,0
1019,'1463456',1014,,25,22,,,0
1019,'1463466',2144,,26,22,,,0
1019,'1463493',1944,,27,22,,,0
1019,'1463502',644,,28,22,,,0
1019,'1463503',944,,29,22,,,0
1019,'1463511',1744,,30,22,,,0
1019,'1463515',714,,31,22,,,0
1019,'1463529',914,,32,22,,,0
