3019,'1497228',605,,248,8,,,0
3019,'1497229',635,,249,8,,,0
3019,'1497230',705,,250,8,,,0
3019,'1497231',735,,251,8,,,0
3019,'1497232',805,,252,8,,,0
3019,'1497233',835,,253,8,,,0
3019,'1497234',905,,254,8,,,0
3019,'1497235',935,,255,8,,,0
3019,'1497236',1005,,256,8,,,0
3019,'1497237',1035,,257,8,,,0
3019,'1497238',1105,,258,8,,,0
3019,'1497239',1135,,259,8,,,0
3019,'1497240',1205,,260,8,,,0
3019,'1497241',1235,,261,8,,,0
3019,'1497242',1305,,262,8,,,0
3019,'1497243',1335,,263,8,,,0
3019,'1497244',1405,,264,8,,,0
3019,'1497245',1435,,265,8,,,0
3019,'1497246',1505,,266,8,,,0
3019,'1497247',1535,,267,8,,,0
3019,'1497248',1605,,268,8,,,0
3019,'1497249',1635,,269,8,,,0
3019,'1497250',1705,,270,8,,,0
3019,'1497251',1735,,271,8,,,0
3019,'1497252',1805,,272,8,,,0
3019,'1497253',1835,,273,8,,,0
3019,'1497254',1905,,274,8,,,0
3019,'1497255',1935,,275,8,,,0
3019,'1497256',2005,,276,8,,,0
3019,'1497257',2035,,277,8,,,0
3019,'1497258',2105,,278,8,,,0
3019,'1497259',2135,,279,8,,,0
