5019,'1279336',2123,,129,46,,,0
5019,'1279360',1653,,130,46,,,0
5019,'1279724',1253,,131,46,,,0
5019,'1279909',1123,,132,46,,,0
5019,'1279968',953,,133,46,,,0
5019,'1280159',1953,,134,46,,,0
5019,'1280196',2023,,135,46,,,0
5019,'1280528',1623,,136,46,,,0
5019,'1280538',823,,137,46,,,0
5019,'1280597',923,,138,46,,,0
5019,'1280704',1323,,139,46,,,0
5019,'1280767',853,,140,46,,,0
5019,'1280939',625,,141,46,,,0
5019,'1281159',1723,,142,46,,,0
5019,'1281496',1153,,143,46,,,0
5019,'1281614',1553,,144,46,,,0
5019,'1281867',1923,,145,46,,,0
5019,'1281892',2153,,146,46,,,0
5019,'1281918',1023,,147,46,,,0
5019,'1281954',1823,,148,46,,,0
5019,'1282080',2053,,149,46,,,0
5019,'1282121',1853,,150,46,,,0
5019,'1282311',1223,,151,46,,,0
5019,'1282695',723,,152,46,,,0
5019,'1282785',655,,153,46,,,0
5019,'1282876',1453,,154,46,,,0
5019,'1283012',1523,,155,46,,,0
5019,'1283201',1753,,156,46,,,0
5019,'1283397',1423,,157,46,,,0
5019,'1283530',753,,158,46,,,0
5019,'1283849',1353,,159,46,,,0
5019,'1284100',1053,,160,46,,,0
8019,'1309753',822,,226,45,,,0
