4019,'1279123',1435,,97,8,,,0
4019,'1279171',705,,98,8,,,0
4019,'1279191',905,,99,8,,,0
4019,'1279351',2035,,100,8,,,0
4019,'1279362',1835,,101,8,,,0
4019,'1279469',1335,,102,8,,,0
4019,'1279906',2005,,103,8,,,0
4019,'1280189',735,,104,8,,,0
4019,'1280192',1035,,105,8,,,0
4019,'1280293',835,,106,8,,,0
4019,'1280507',1935,,107,8,,,0
4019,'1280838',1705,,108,8,,,0
4019,'1280921',1205,,109,8,,,0
4019,'1281220',605,,110,8,,,0
4019,'1281330',1605,,111,8,,,0
4019,'1281387',2135,,112,8,,,0
4019,'1281529',1005,,113,8,,,0
4019,'1281609',805,,114,8,,,0
4019,'1281636',1905,,115,8,,,0
4019,'1281937',1305,,116,8,,,0
4019,'1282104',1505,,117,8,,,0
4019,'1282143',1735,,118,8,,,0
4019,'1282256',935,,119,8,,,0
4019,'1282401',1805,,120,8,,,0
4019,'1282483',1135,,121,8,,,0
4019,'1282867',1105,,122,8,,,0
4019,'1282877',1535,,123,8,,,0
4019,'1283160',1235,,124,8,,,0
4019,'1283459',635,,125,8,,,0
4019,'1283542',1635,,126,8,,,0
4019,'1283577',1405,,127,8,,,0
4019,'1283657',2105,,128,8,,,0
10019,'1280418',733,,228,8,,,0
