5019,'1279336',2125,,129,48,,,0
5019,'1279360',1655,,130,48,,,0
5019,'1279724',1255,,131,48,,,0
5019,'1279909',1125,,132,48,,,0
5019,'1279968',955,,133,48,,,0
5019,'1280159',1955,,134,48,,,0
5019,'1280196',2025,,135,48,,,0
5019,'1280528',1625,,136,48,,,0
5019,'1280538',825,,137,48,,,0
5019,'1280597',925,,138,48,,,0
5019,'1280704',1325,,139,48,,,0
5019,'1280767',855,,140,48,,,0
5019,'1280939',626,,141,48,,,0
5019,'1281159',1725,,142,48,,,0
5019,'1281496',1155,,143,48,,,0
5019,'1281614',1555,,144,48,,,0
5019,'1281867',1925,,145,48,,,0
5019,'1281892',2155,,146,48,,,0
5019,'1281918',1025,,147,48,,,0
5019,'1281954',1825,,148,48,,,0
5019,'1282080',2055,,149,48,,,0
5019,'1282121',1855,,150,48,,,0
5019,'1282311',1225,,151,48,,,0
5019,'1282695',725,,152,48,,,0
5019,'1282785',656,,153,48,,,0
5019,'1282876',1455,,154,48,,,0
5019,'1283012',1525,,155,48,,,0
5019,'1283201',1755,,156,48,,,0
5019,'1283397',1425,,157,48,,,0
5019,'1283530',755,,158,48,,,0
5019,'1283849',1355,,159,48,,,0
5019,'1284100',1055,,160,48,,,0
8019,'1309753',825,,226,47,,,0
