3019,'1497228',622,,248,37,,,0
3019,'1497229',653,,249,37,,,0
3019,'1497230',722,,250,37,,,0
3019,'1497231',752,,251,37,,,0
3019,'1497232',822,,252,37,,,0
3019,'1497233',852,,253,37,,,0
3019,'1497234',922,,254,37,,,0
3019,'1497235',952,,255,37,,,0
3019,'1497236',1022,,256,37,,,0
3019,'1497237',1052,,257,37,,,0
3019,'1497238',1122,,258,37,,,0
3019,'1497239',1152,,259,37,,,0
3019,'1497240',1222,,260,37,,,0
3019,'1497241',1252,,261,37,,,0
3019,'1497242',1322,,262,37,,,0
3019,'1497243',1352,,263,37,,,0
3019,'1497244',1422,,264,37,,,0
3019,'1497245',1452,,265,37,,,0
3019,'1497246',1522,,266,37,,,0
3019,'1497247',1552,,267,37,,,0
3019,'1497248',1622,,268,37,,,0
3019,'1497249',1652,,269,37,,,0
3019,'1497250',1722,,270,37,,,0
3019,'1497251',1752,,271,37,,,0
3019,'1497252',1822,,272,37,,,0
3019,'1497253',1852,,273,37,,,0
3019,'1497254',1922,,274,37,,,0
3019,'1497255',1952,,275,37,,,0
3019,'1497256',2022,,276,37,,,0
3019,'1497257',2052,,277,37,,,0
3019,'1497258',2122,,278,37,,,0
3019,'1497259',2152,,279,37,,,0
