6019,'1412378',2014,,161,27,,,0
6019,'1412574',2144,,162,27,,,0
6019,'1412586',1114,,163,27,,,0
6019,'1412633',1914,,164,27,,,0
6019,'1412654',1944,,165,27,,,0
6019,'1412663',1444,,166,27,,,0
6019,'1412719',944,,167,27,,,0
6019,'1412861',844,,168,27,,,0
6019,'1412867',714,,169,27,,,0
6019,'1412927',1714,,170,27,,,0
6019,'1413018',1144,,171,27,,,0
6019,'1413058',1314,,172,27,,,0
6019,'1413074',614,,173,27,,,0
6019,'1413172',1344,,174,27,,,0
6019,'1413173',2044,,175,27,,,0
6019,'1413188',2114,,176,27,,,0
6019,'1413228',1414,,177,27,,,0
6019,'1413263',1014,,178,27,,,0
6019,'1413307',644,,179,27,,,0
6019,'1413432',1814,,180,27,,,0
6019,'1413444',744,,181,27,,,0
6019,'1413514',1844,,182,27,,,0
6019,'1413572',1044,,183,27,,,0
6019,'1413697',1214,,184,27,,,0
6019,'1413715',914,,185,27,,,0
6019,'1413733',1544,,186,27,,,0
6019,'1413791',1644,,187,27,,,0
6019,'1413807',814,,188,27,,,0
6019,'1413860',1244,,189,27,,,0
6019,'1413872',1514,,190,27,,,0
6019,'1413914',1614,,191,27,,,0
6019,'1413976',1744,,192,27,,,0
10029,'1309124',811,,229,23,,,0
