5019,'1279336',2117,,129,34,,,0
5019,'1279360',1647,,130,34,,,0
5019,'1279724',1247,,131,34,,,0
5019,'1279909',1117,,132,34,,,0
5019,'1279968',947,,133,34,,,0
5019,'1280159',1947,,134,34,,,0
5019,'1280196',2017,,135,34,,,0
5019,'1280528',1617,,136,34,,,0
5019,'1280538',817,,137,34,,,0
5019,'1280597',917,,138,34,,,0
5019,'1280704',1317,,139,34,,,0
5019,'1280767',847,,140,34,,,0
5019,'1280939',617,,141,34,,,0
5019,'1281159',1717,,142,34,,,0
5019,'1281496',1147,,143,34,,,0
5019,'1281614',1547,,144,34,,,0
5019,'1281867',1917,,145,34,,,0
5019,'1281892',2147,,146,34,,,0
5019,'1281918',1017,,147,34,,,0
5019,'1281954',1817,,148,34,,,0
5019,'1282080',2047,,149,34,,,0
5019,'1282121',1847,,150,34,,,0
5019,'1282311',1217,,151,34,,,0
5019,'1282695',717,,152,34,,,0
5019,'1282785',647,,153,34,,,0
5019,'1282876',1447,,154,34,,,0
5019,'1283012',1517,,155,34,,,0
5019,'1283201',1747,,156,34,,,0
5019,'1283397',1417,,157,34,,,0
5019,'1283530',747,,158,34,,,0
5019,'1283849',1347,,159,34,,,0
5019,'1284100',1047,,160,34,,,0
8019,'1309753',813,,226,33,,,0
