6019,'1412378',2009,,161,15,,,0
6019,'1412574',2139,,162,15,,,0
6019,'1412586',1109,,163,15,,,0
6019,'1412633',1909,,164,15,,,0
6019,'1412654',1939,,165,15,,,0
6019,'1412663',1439,,166,15,,,0
6019,'1412719',939,,167,15,,,0
6019,'1412861',839,,168,15,,,0
6019,'1412867',709,,169,15,,,0
6019,'1412927',1709,,170,15,,,0
6019,'1413018',1139,,171,15,,,0
6019,'1413058',1309,,172,15,,,0
6019,'1413074',609,,173,15,,,0
6019,'1413172',1339,,174,15,,,0
6019,'1413173',2039,,175,15,,,0
6019,'1413188',2109,,176,15,,,0
6019,'1413228',1409,,177,15,,,0
6019,'1413263',1009,,178,15,,,0
6019,'1413307',639,,179,15,,,0
6019,'1413432',1809,,180,15,,,0
6019,'1413444',739,,181,15,,,0
6019,'1413514',1839,,182,15,,,0
6019,'1413572',1039,,183,15,,,0
6019,'1413697',1209,,184,15,,,0
6019,'1413715',909,,185,15,,,0
6019,'1413733',1539,,186,15,,,0
6019,'1413791',1639,,187,15,,,0
6019,'1413807',809,,188,15,,,0
6019,'1413860',1239,,189,15,,,0
6019,'1413872',1509,,190,15,,,0
6019,'1413914',1609,,191,15,,,0
6019,'1413976',1739,,192,15,,,0
10029,'1309124',806,,229,14,,,0
