4019,'1279123',1432,,97,4,,,0
4019,'1279171',702,,98,4,,,0
4019,'1279191',902,,99,4,,,0
4019,'1279351',2032,,100,4,,,0
4019,'1279362',1832,,101,4,,,0
4019,'1279469',1332,,102,4,,,0
4019,'1279906',2002,,103,4,,,0
4019,'1280189',732,,104,4,,,0
4019,'1280192',1032,,105,4,,,0
4019,'1280293',832,,106,4,,,0
4019,'1280507',1932,,107,4,,,0
4019,'1280838',1702,,108,4,,,0
4019,'1280921',1202,,109,4,,,0
4019,'1281220',602,,110,4,,,0
4019,'1281330',1602,,111,4,,,0
4019,'1281387',2132,,112,4,,,0
4019,'1281529',1002,,113,4,,,0
4019,'1281609',802,,114,4,,,0
4019,'1281636',1902,,115,4,,,0
4019,'1281937',1302,,116,4,,,0
4019,'1282104',1502,,117,4,,,0
4019,'1282143',1732,,118,4,,,0
4019,'1282256',932,,119,4,,,0
4019,'1282401',1802,,120,4,,,0
4019,'1282483',1132,,121,4,,,0
4019,'1282867',1102,,122,4,,,0
4019,'1282877',1532,,123,4,,,0
4019,'1283160',1232,,124,4,,,0
4019,'1283459',632,,125,4,,,0
4019,'1283542',1632,,126,4,,,0
4019,'1283577',1402,,127,4,,,0
4019,'1283657',2102,,128,4,,,0
10019,'1280418',730,,228,4,,,0
