5019,'1279336',2103,,129,6,,,0
5019,'1279360',1633,,130,6,,,0
5019,'1279724',1233,,131,6,,,0
5019,'1279909',1103,,132,6,,,0
5019,'1279968',933,,133,6,,,0
5019,'1280159',1933,,134,6,,,0
5019,'1280196',2003,,135,6,,,0
5019,'1280528',1603,,136,6,,,0
5019,'1280538',803,,137,6,,,0
5019,'1280597',903,,138,6,,,0
5019,'1280704',1303,,139,6,,,0
5019,'1280767',833,,140,6,,,0
5019,'1280939',603,,141,6,,,0
5019,'1281159',1703,,142,6,,,0
5019,'1281496',1133,,143,6,,,0
5019,'1281614',1533,,144,6,,,0
5019,'1281867',1903,,145,6,,,0
5019,'1281892',2133,,146,6,,,0
5019,'1281918',1003,,147,6,,,0
5019,'1281954',1803,,148,6,,,0
5019,'1282080',2033,,149,6,,,0
5019,'1282121',1833,,150,6,,,0
5019,'1282311',1203,,151,6,,,0
5019,'1282695',703,,152,6,,,0
5019,'1282785',633,,153,6,,,0
5019,'1282876',1433,,154,6,,,0
5019,'1283012',1503,,155,6,,,0
5019,'1283201',1733,,156,6,,,0
5019,'1283397',1403,,157,6,,,0
5019,'1283530',733,,158,6,,,0
5019,'1283849',1333,,159,6,,,0
5019,'1284100',1033,,160,6,,,0
8019,'1309753',801,,226,6,,,0
