6019,'1412378',2019,,161,41,,,0
6019,'1412574',2149,,162,41,,,0
6019,'1412586',1119,,163,41,,,0
6019,'1412633',1919,,164,41,,,0
6019,'1412654',1949,,165,41,,,0
6019,'1412663',1449,,166,41,,,0
6019,'1412719',949,,167,41,,,0
6019,'1412861',849,,168,41,,,0
6019,'1412867',719,,169,41,,,0
6019,'1412927',1719,,170,41,,,0
6019,'1413018',1149,,171,41,,,0
6019,'1413058',1319,,172,41,,,0
6019,'1413074',619,,173,41,,,0
6019,'1413172',1349,,174,41,,,0
6019,'1413173',2049,,175,41,,,0
6019,'1413188',2119,,176,41,,,0
6019,'1413228',1419,,177,41,,,0
6019,'1413263',1019,,178,41,,,0
6019,'1413307',649,,179,41,,,0
6019,'1413432',1819,,180,41,,,0
6019,'1413444',749,,181,41,,,0
6019,'1413514',1849,,182,41,,,0
6019,'1413572',1049,,183,41,,,0
6019,'1413697',1219,,184,41,,,0
6019,'1413715',919,,185,41,,,0
6019,'1413733',1549,,186,41,,,0
6019,'1413791',1649,,187,41,,,0
6019,'1413807',819,,188,41,,,0
6019,'1413860',1249,,189,41,,,0
6019,'1413872',1519,,190,41,,,0
6019,'1413914',1619,,191,41,,,0
6019,'1413976',1749,,192,41,,,0
10029,'1309124',816,,229,37,,,0
