1019,'1463114',1512,,1,18,,,0
1019,'1463124',1812,,2,18,,,0
1019,'1463129',742,,3,18,,,0
1019,'1463141',1342,,4,18,,,0
1019,'1463166',1112,,5,18,,,0
1019,'1463175',1042,,6,18,,,0
1019,'1463193',1542,,7,18,,,0
1019,'1463219',1912,,8,18,,,0
1019,'1463224',1412,,9,18,,,0
1019,'1463236',1442,,10,18,,,0
1019,'1463263',1842,,11,18,,,0
1019,'1463272',1712,,12,18,,,0
1019,'1463293',2112,,13,18,,,0
1019,'1463297',1212,,14,18,,,0
1019,'1463310',1142,,15,18,,,0
1019,'1463321',842,,16,18,,,0
1019,'1463333',1242,,17,18,,,0
1019,'1463355',612,,18,18,,,0
1019,'1463379',1612,,19,18,,,0
1019,'1463398',2042,,20,18,,,0
1019,'1463405',1642,,21,18,,,0
1019,'1463416',1312,,22,18,,,0
1019,'1463417',812,,23,18,,,0
1019,'1463455',2012,,24,18,,,0
1019,'1463456',1012,,25,18,,,0
1019,'1463466',2142,,26,18,,,0
1019,'1463493',1942,,27,18,,,0
1019,'1463502',642,,28,18,,,0
1019,'1463503',942,,29,18,,,0
1019,'1463511',1742,,30,18,,,0
1019,'1463515',712,,31,18,,,0
1019,'1463529',912,,32,18,,,0
