1019,'1463114',1510,,1,15,,,0
1019,'1463124',1810,,2,15,,,0
1019,'1463129',740,,3,15,,,0
1019,'1463141',1340,,4,15,,,0
1019,'1463166',1110,,5,15,,,0
1019,'1463175',1040,,6,15,,,0
1019,'1463193',1540,,7,15,,,0
1019,'1463219',1910,,8,15,,,0
1019,'1463224',1410,,9,15,,,0
1019,'1463236',1440,,10,15,,,0
1019,'1463263',1840,,11,15,,,0
1019,'1463272',1710,,12,15,,,0
1019,'1463293',2110,,13,15,,,0
1019,'1463297',1210,,14,15,,,0
1019,'1463310',1140,,15,15,,,0
1019,'1463321',840,,16,15,,,0
1019,'1463333',1240,,17,15,,,0
1019,'1463355',610,,18,15,,,0
1019,'1463379',1610,,19,15,,,0
1019,'1463398',2040,,20,15,,,0
1019,'1463405',1640,,21,15,,,0
1019,'1463416',1310,,22,15,,,0
1019,'1463417',810,,23,15,,,0
1019,'1463455',2010,,24,15,,,0
1019,'1463456',1010,,25,15,,,0
1019,'1463466',2140,,26,15,,,0
1019,'1463493',1940,,27,15,,,0
1019,'1463502',640,,28,15,,,0
1019,'1463503',940,,29,15,,,0
1019,'1463511',1740,,30,15,,,0
1019,'1463515',710,,31,15,,,0
1019,'1463529',910,,32,15,,,0
