4019,'1279123',1444,,97,24,,,0
4019,'1279171',714,,98,24,,,0
4019,'1279191',914,,99,24,,,0
4019,'1279351',2044,,100,24,,,0
4019,'1279362',1844,,101,24,,,0
4019,'1279469',1344,,102,24,,,0
4019,'1279906',2014,,103,24,,,0
4019,'1280189',744,,104,24,,,0
4019,'1280192',1044,,105,24,,,0
4019,'1280293',844,,106,24,,,0
4019,'1280507',1944,,107,24,,,0
4019,'1280838',1714,,108,24,,,0
4019,'1280921',1214,,109,24,,,0
4019,'1281220',614,,110,24,,,0
4019,'1281330',1614,,111,24,,,0
4019,'1281387',2144,,112,24,,,0
4019,'1281529',1014,,113,24,,,0
4019,'1281609',814,,114,24,,,0
4019,'1281636',1914,,115,24,,,0
4019,'1281937',1314,,116,24,,,0
4019,'1282104',1514,,117,24,,,0
4019,'1282143',1744,,118,24,,,0
4019,'1282256',944,,119,24,,,0
4019,'1282401',1814,,120,24,,,0
4019,'1282483',1144,,121,24,,,0
4019,'1282867',1114,,122,24,,,0
4019,'1282877',1544,,123,24,,,0
4019,'1283160',1244,,124,24,,,0
4019,'1283459',644,,125,24,,,0
4019,'1283542',1644,,126,24,,,0
4019,'1283577',1414,,127,24,,,0
4019,'1283657',2114,,128,24,,,0
10019,'1280418',741,,228,20,,,0
