4019,'1279123',1452,,97,36,,,0
4019,'1279171',722,,98,36,,,0
4019,'1279191',922,,99,36,,,0
4019,'1279351',2052,,100,36,,,0
4019,'1279362',1852,,101,36,,,0
4019,'1279469',1352,,102,36,,,0
4019,'1279906',2022,,103,36,,,0
4019,'1280189',752,,104,36,,,0
4019,'1280192',1052,,105,36,,,0
4019,'1280293',852,,106,36,,,0
4019,'1280507',1952,,107,36,,,0
4019,'1280838',1722,,108,36,,,0
4019,'1280921',1222,,109,36,,,0
4019,'1281220',622,,110,36,,,0
4019,'1281330',1622,,111,36,,,0
4019,'1281387',2152,,112,36,,,0
4019,'1281529',1022,,113,36,,,0
4019,'1281609',822,,114,36,,,0
4019,'1281636',1922,,115,36,,,0
4019,'1281937',1322,,116,36,,,0
4019,'1282104',1522,,117,36,,,0
4019,'1282143',1752,,118,36,,,0
4019,'1282256',952,,119,36,,,0
4019,'1282401',1822,,120,36,,,0
4019,'1282483',1152,,121,36,,,0
4019,'1282867',1122,,122,36,,,0
4019,'1282877',1552,,123,36,,,0
4019,'1283160',1252,,124,36,,,0
4019,'1283459',652,,125,36,,,0
4019,'1283542',1652,,126,36,,,0
4019,'1283577',1422,,127,36,,,0
4019,'1283657',2122,,128,36,,,0
10019,'1280418',748,,228,32,,,0
