7019,'1400344',1734,,193,6,,,0
7019,'1400361',804,,194,6,,,0
7019,'1400396',604,,195,6,,,0
7019,'1400410',1134,,196,6,,,0
7019,'1400427',634,,197,6,,,0
7019,'1400428',1204,,198,6,,,0
7019,'1400533',2004,,199,6,,,0
7019,'1400589',1904,,200,6,,,0
7019,'1400639',834,,201,6,,,0
7019,'1400662',1604,,202,6,,,0
7019,'1400683',934,,203,6,,,0
7019,'1400688',1804,,204,6,,,0
7019,'1400738',1104,,205,6,,,0
7019,'1400743',904,,206,6,,,0
7019,'1400763',1504,,207,6,,,0
7019,'1400766',2104,,208,6,,,0
7019,'1400797',1834,,209,6,,,0
7019,'1400808',1334,,210,6,,,0
7019,'1400818',1934,,211,6,,,0
7019,'1400821',1704,,212,6,,,0
7019,'1400822',1004,,213,6,,,0
7019,'1400845',2134,,214,6,,,0
7019,'1400859',704,,215,6,,,0
7019,'1400866',1634,,216,6,,,0
7019,'1400880',1404,,217,6,,,0
7019,'1400906',734,,218,6,,,0
7019,'1400929',1534,,219,6,,,0
7019,'1400945',2034,,220,6,,,0
7019,'1400947',1434,,221,6,,,0
7019,'1400962',1034,,222,6,,,0
7019,'1400973',1234,,223,6,,,0
7019,'1400992',1304,,224,6,,,0
