5019,'1279336',2115,,129,31,,,0
5019,'1279360',1645,,130,31,,,0
5019,'1279724',1245,,131,31,,,0
5019,'1279909',1115,,132,31,,,0
5019,'1279968',945,,133,31,,,0
5019,'1280159',1945,,134,31,,,0
5019,'1280196',2015,,135,31,,,0
5019,'1280528',1615,,136,31,,,0
5019,'1280538',815,,137,31,,,0
5019,'1280597',915,,138,31,,,0
5019,'1280704',1315,,139,31,,,0
5019,'1280767',845,,140,31,,,0
5019,'1280939',615,,141,31,,,0
5019,'1281159',1715,,142,31,,,0
5019,'1281496',1145,,143,31,,,0
5019,'1281614',1545,,144,31,,,0
5019,'1281867',1915,,145,31,,,0
5019,'1281892',2145,,146,31,,,0
5019,'1281918',1015,,147,31,,,0
5019,'1281954',1815,,148,31,,,0
5019,'1282080',2045,,149,31,,,0
5019,'1282121',1845,,150,31,,,0
5019,'1282311',1215,,151,31,,,0
5019,'1282695',715,,152,31,,,0
5019,'1282785',645,,153,31,,,0
5019,'1282876',1445,,154,31,,,0
5019,'1283012',1515,,155,31,,,0
5019,'1283201',1745,,156,31,,,0
5019,'1283397',1415,,157,31,,,0
5019,'1283530',745,,158,31,,,0
5019,'1283849',1345,,159,31,,,0
5019,'1284100',1045,,160,31,,,0
8019,'1309753',812,,226,31,,,0
