6019,'1412378',2005,,161,9,,,0
6019,'1412574',2135,,162,9,,,0
6019,'1412586',1105,,163,9,,,0
6019,'1412633',1905,,164,9,,,0
6019,'1412654',1935,,165,9,,,0
6019,'1412663',1435,,166,9,,,0
6019,'1412719',935,,167,9,,,0
6019,'1412861',835,,168,9,,,0
6019,'1412867',705,,169,9,,,0
6019,'1412927',1705,,170,9,,,0
6019,'1413018',1135,,171,9,,,0
6019,'1413058',1305,,172,9,,,0
6019,'1413074',605,,173,9,,,0
6019,'1413172',1335,,174,9,,,0
6019,'1413173',2035,,175,9,,,0
6019,'1413188',2105,,176,9,,,0
6019,'1413228',1405,,177,9,,,0
6019,'1413263',1005,,178,9,,,0
6019,'1413307',635,,179,9,,,0
6019,'1413432',1805,,180,9,,,0
6019,'1413444',735,,181,9,,,0
6019,'1413514',1835,,182,9,,,0
6019,'1413572',1035,,183,9,,,0
6019,'1413697',1205,,184,9,,,0
6019,'1413715',905,,185,9,,,0
6019,'1413733',1535,,186,9,,,0
6019,'1413791',1635,,187,9,,,0
6019,'1413807',805,,188,9,,,0
6019,'1413860',1235,,189,9,,,0
6019,'1413872',1505,,190,9,,,0
6019,'1413914',1605,,191,9,,,0
6019,'1413976',1735,,192,9,,,0
10029,'1309124',803,,229,9,,,0
