1019,'1463114',1522,,1,34,,,0
1019,'1463124',1822,,2,34,,,0
1019,'1463129',752,,3,34,,,0
1019,'1463141',1352,,4,34,,,0
1019,'1463166',1122,,5,34,,,0
1019,'1463175',1052,,6,34,,,0
1019,'1463193',1552,,7,34,,,0
1019,'1463219',1922,,8,34,,,0
1019,'1463224',1422,,9,34,,,0
1019,'1463236',1452,,10,34,,,0
1019,'1463263',1852,,11,34,,,0
1019,'1463272',1722,,12,34,,,0
1019,'1463293',2122,,13,34,,,0
1019,'1463297',1222,,14,34,,,0
1019,'1463310',1152,,15,34,,,0
1019,'1463321',852,,16,34,,,0
1019,'1463333',1252,,17,34,,,0
1019,'1463355',622,,18,34,,,0
1019,'1463379',1622,,19,34,,,0
1019,'1463398',2052,,20,34,,,0
1019,'1463405',1652,,21,34,,,0
1019,'1463416',1322,,22,34,,,0
1019,'1463417',822,,23,34,,,0
1019,'1463455',2022,,24,34,,,0
1019,'1463456',1022,,25,34,,,0
1019,'1463466',2152,,26,34,,,0
1019,'1463493',1952,,27,34,,,0
1019,'1463502',652,,28,34,,,0
1019,'1463503',952,,29,34,,,0
1019,'1463511',1752,,30,34,,,0
1019,'1463515',722,,31,34,,,0
1019,'1463529',922,,32,34,,,0
