3019,'1497228',602,,248,4,,,0
3019,'1497229',632,,249,4,,,0
3019,'1497230',702,,250,4,,,0
3019,'1497231',732,,251,4,,,0
3019,'1497232',802,,252,4,,,0
3019,'1497233',832,,253,4,,,0
3019,'1497234',902,,254,4,,,0
3019,'1497235',932,,255,4,,,0
3019,'1497236',1002,,256,4,,,0
3019,'1497237',1032,,257,4,,,0
3019,'1497238',1102,,258,4,,,0
3019,'1497239',1132,,259,4,,,0
3019,'1497240',1202,,260,4,,,0
3019,'1497241',1232,,261,4,,,0
3019,'1497242',1302,,262,4,,,0
3019,'1497243',1332,,263,4,,,0
3019,'1497244',1402,,264,4,,,0
3019,'1497245',1432,,265,4,,,0
3019,'1497246',1502,,266,4,,,0
3019,'1497247',1532,,267,4,,,0
3019,'1497248',1602,,268,4,,,0
3019,'1497249',1632,,269,4,,,0
3019,'1497250',1702,,270,4,,,0
3019,'1497251',1732,,271,4,,,0
3019,'1497252',1802,,272,4,,,0
3019,'1497253',1832,,273,4,,,0
3019,'1497254',1902,,274,4,,,0
3019,'1497255',1932,,275,4,,,0
3019,'1497256',2002,,276,4,,,0
3019,'1497257',2032,,277,4,,,0
3019,'1497258',2102,,278,4,,,0
3019,'1497259',2132,,279,4,,,0
