3019,'1497228',601,,248,3,,,0
3019,'1497229',631,,249,3,,,0
3019,'1497230',701,,250,3,,,0
3019,'1497231',731,,251,3,,,0
3019,'1497232',801,,252,3,,,0
3019,'1497233',831,,253,3,,,0
3019,'1497234',901,,254,3,,,0
3019,'1497235',931,,255,3,,,0
3019,'1497236',1001,,256,3,,,0
3019,'1497237',1031,,257,3,,,0
3019,'1497238',1101,,258,3,,,0
3019,'1497239',1131,,259,3,,,0
3019,'1497240',1201,,260,3,,,0
3019,'1497241',1231,,261,3,,,0
3019,'1497242',1301,,262,3,,,0
3019,'1497243',1331,,263,3,,,0
3019,'1497244',1401,,264,3,,,0
3019,'1497245',1431,,265,3,,,0
3019,'1497246',1501,,266,3,,,0
3019,'1497247',1531,,267,3,,,0
3019,'1497248',1601,,268,3,,,0
3019,'1497249',1631,,269,3,,,0
3019,'1497250',1701,,270,3,,,0
3019,'1497251',1731,,271,3,,,0
3019,'1497252',1801,,272,3,,,0
3019,'1497253',1831,,273,3,,,0
3019,'1497254',1901,,274,3,,,0
3019,'1497255',1931,,275,3,,,0
3019,'1497256',2001,,276,3,,,0
3019,'1497257',2031,,277,3,,,0
3019,'1497258',2101,,278,3,,,0
3019,'1497259',2131,,279,3,,,0
