6019,'1412378',2010,,161,18,,,0
6019,'1412574',2140,,162,18,,,0
6019,'1412586',1110,,163,18,,,0
6019,'1412633',1910,,164,18,,,0
6019,'1412654',1940,,165,18,,,0
6019,'1412663',1440,,166,18,,,0
6019,'1412719',940,,167,18,,,0
6019,'1412861',840,,168,18,,,0
6019,'1412867',710,,169,18,,,0
6019,'1412927',1710,,170,18,,,0
6019,'1413018',1140,,171,18,,,0
6019,'1413058',1310,,172,18,,,0
6019,'1413074',610,,173,18,,,0
6019,'1413172',1340,,174,18,,,0
6019,'1413173',2040,,175,18,,,0
6019,'1413188',2110,,176,18,,,0
6019,'1413228',1410,,177,18,,,0
6019,'1413263',1010,,178,18,,,0
6019,'1413307',640,,179,18,,,0
6019,'1413432',1810,,180,18,,,0
6019,'1413444',740,,181,18,,,0
6019,'1413514',1840,,182,18,,,0
6019,'1413572',1040,,183,18,,,0
6019,'1413697',1210,,184,18,,,0
6019,'1413715',910,,185,18,,,0
6019,'1413733',1540,,186,18,,,0
6019,'1413791',1640,,187,18,,,0
6019,'1413807',810,,188,18,,,0
6019,'1413860',1240,,189,18,,,0
6019,'1413872',1510,,190,18,,,0
6019,'1413914',1610,,191,18,,,0
6019,'1413976',1740,,192,18,,,0
10029,'1309124',808,,229,17,,,0
