3019,'1497228',607,,248,11,,,0
3019,'1497229',637,,249,11,,,0
3019,'1497230',707,,250,11,,,0
3019,'1497231',737,,251,11,,,0
3019,'1497232',807,,252,11,,,0
3019,'1497233',837,,253,11,,,0
3019,'1497234',907,,254,11,,,0
3019,'1497235',937,,255,11,,,0
3019,'1497236',1007,,256,11,,,0
3019,'1497237',1037,,257,11,,,0
3019,'1497238',1107,,258,11,,,0
3019,'1497239',1137,,259,11,,,0
3019,'1497240',1207,,260,11,,,0
3019,'1497241',1237,,261,11,,,0
3019,'1497242',1307,,262,11,,,0
3019,'1497243',1337,,263,11,,,0
3019,'1497244',1407,,264,11,,,0
3019,'1497245',1437,,265,11,,,0
3019,'1497246',1507,,266,11,,,0
3019,'1497247',1537,,267,11,,,0
3019,'1497248',1607,,268,11,,,0
3019,'1497249',1637,,269,11,,,0
3019,'1497250',1707,,270,11,,,0
3019,'1497251',1737,,271,11,,,0
3019,'1497252',1807,,272,11,,,0
3019,'1497253',1837,,273,11,,,0
3019,'1497254',1907,,274,11,,,0
3019,'1497255',1937,,275,11,,,0
3019,'1497256',2007,,276,11,,,0
3019,'1497257',2037,,277,11,,,0
3019,'1497258',2107,,278,11,,,0
3019,'1497259',2137,,279,11,,,0
