1019,'1463114',1517,,1,28,,,0
1019,'1463124',1817,,2,28,,,0
1019,'1463129',747,,3,28,,,0
1019,'1463141',1347,,4,28,,,0
1019,'1463166',1117,,5,28,,,0
1019,'1463175',1047,,6,28,,,0
1019,'1463193',1547,,7,28,,,0
1019,'1463219',1917,,8,28,,,0
1019,'1463224',1417,,9,28,,,0
1019,'1463236',1447,,10,28,,,0
1019,'1463263',1847,,11,28,,,0
1019,'1463272',1717,,12,28,,,0
1019,'1463293',2117,,13,28,,,0
1019,'1463297',1217,,14,28,,,0
1019,'1463310',1147,,15,28,,,0
1019,'1463321',847,,16,28,,,0
1019,'1463333',1247,,17,28,,,0
1019,'1463355',617,,18,28,,,0
1019,'1463379',1617,,19,28,,,0
1019,'1463398',2047,,20,28,,,0
1019,'1463405',1647,,21,28,,,0
1019,'1463416',1317,,22,28,,,0
1019,'1463417',817,,23,28,,,0
1019,'1463455',2017,,24,28,,,0
1019,'1463456',1017,,25,28,,,0
1019,'1463466',2147,,26,28,,,0
1019,'1463493',1947,,27,28,,,0
1019,'1463502',647,,28,28,,,0
1019,'1463503',947,,29,28,,,0
1019,'1463511',1747,,30,28,,,0
1019,'1463515',717,,31,28,,,0
1019,'1463529',917,,32,28,,,0
