5019,'1279336',2113,,129,27,,,0
5019,'1279360',1643,,130,27,,,0
5019,'1279724',1243,,131,27,,,0
5019,'1279909',1113,,132,27,,,0
5019,'1279968',943,,133,27,,,0
5019,'1280159',1943,,134,27,,,0
5019,'1280196',2013,,135,27,,,0
5019,'1280528',1613,,136,27,,,0
5019,'1280538',813,,137,27,,,0
5019,'1280597',913,,138,27,,,0
5019,'1280704',1313,,139,27,,,0
5019,'1280767',843,,140,27,,,0
5019,'1280939',613,,141,27,,,0
5019,'1281159',1713,,142,27,,,0
5019,'1281496',1143,,143,27,,,0
5019,'1281614',1543,,144,27,,,0
5019,'1281867',1913,,145,27,,,0
5019,'1281892',2143,,146,27,,,0
5019,'1281918',1013,,147,27,,,0
5019,'1281954',1813,,148,27,,,0
5019,'1282080',2043,,149,27,,,0
5019,'1282121',1843,,150,27,,,0
5019,'1282311',1213,,151,27,,,0
5019,'1282695',713,,152,27,,,0
5019,'1282785',643,,153,27,,,0
5019,'1282876',1443,,154,27,,,0
5019,'1283012',1513,,155,27,,,0
5019,'1283201',1743,,156,27,,,0
5019,'1283397',1413,,157,27,,,0
5019,'1283530',743,,158,27,,,0
5019,'1283849',1343,,159,27,,,0
5019,'1284100',1043,,160,27,,,0
8019,'1309753',810,,226,27,,,0
