2019,'1475659',615,,33,21,,,0
2019,'1475660',645,,34,21,,,0
2019,'1475661',715,,35,21,,,0
2019,'1475662',745,,36,21,,,0
2019,'1475663',815,,37,21,,,0
2019,'1475664',845,,38,21,,,0
2019,'1475665',915,,39,21,,,0
2019,'1475666',945,,40,21,,,0
2019,'1475667',1015,,41,21,,,0
2019,'1475668',1045,,42,21,,,0
2019,'1475669',1115,,43,21,,,0
2019,'1475670',1145,,44,21,,,0
2019,'1475671',1215,,45,21,,,0
2019,'1475672',1245,,46,21,,,0
2019,'1475673',1315,,47,21,,,0
2019,'1475674',1345,,48,21,,,0
2019,'1475675',1415,,49,21,,,0
2019,'1475676',1445,,50,21,,,0
2019,'1475677',1515,,51,21,,,0
2019,'1475678',1545,,52,21,,,0
2019,'1475679',1615,,53,21,,,0
2019,'1475680',1645,,54,21,,,0
2019,'1475681',1715,,55,21,,,0
2019,'1475682',1745,,56,21,,,0
2019,'1475683',1815,,57,21,,,0
2019,'1475684',1845,,58,21,,,0
2019,'1475685',1915,,59,21,,,0
2019,'1475686',1945,,60,21,,,0
2019,'1475687',2015,,61,21,,,0
2019,'1475688',2045,,62,21,,,0
2019,'1475689',2115,,63,21,,,0
2019,'1475690',2145,,64,21,,,0
