7019,'1400344',1751,,193,34,,,0
7019,'1400361',821,,194,34,,,0
7019,'1400396',621,,195,34,,,0
7019,'1400410',1151,,196,34,,,0
7019,'1400427',651,,197,34,,,0
7019,'1400428',1221,,198,34,,,0
7019,'1400533',2021,,199,34,,,0
7019,'1400589',1921,,200,34,,,0
7019,'1400639',851,,201,34,,,0
7019,'1400662',1621,,202,34,,,0
7019,'1400683',951,,203,34,,,0
7019,'1400688',1821,,204,34,,,0
7019,'1400738',1121,,205,34,,,0
7019,'1400743',921,,206,34,,,0
7019,'1400763',1521,,207,34,,,0
7019,'1400766',2121,,208,34,,,0
7019,'1400797',1851,,209,34,,,0
7019,'1400808',1351,,210,34,,,0
7019,'1400818',1951,,211,34,,,0
7019,'1400821',1721,,212,34,,,0
7019,'1400822',1021,,213,34,,,0
7019,'1400845',2150,,214,34,,,0
7019,'1400859',721,,215,34,,,0
7019,'1400866',1651,,216,34,,,0
7019,'1400880',1421,,217,34,,,0
7019,'1400906',751,,218,34,,,0
7019,'1400929',1551,,219,34,,,0
7019,'1400945',2051,,220,34,,,0
7019,'1400947',1451,,221,34,,,0
7019,'1400962',1051,,222,34,,,0
7019,'1400973',1251,,223,34,,,0
7019,'1400992',1321,,224,34,,,0
