7019,'1400344',1754,,193,37,,,0
7019,'1400361',824,,194,37,,,0
7019,'1400396',624,,195,37,,,0
7019,'1400410',1154,,196,37,,,0
7019,'1400427',654,,197,37,,,0
7019,'1400428',1224,,198,37,,,0
7019,'1400533',2024,,199,37,,,0
7019,'1400589',1924,,200,37,,,0
7019,'1400639',854,,201,37,,,0
7019,'1400662',1624,,202,37,,,0
7019,'1400683',954,,203,37,,,0
7019,'1400688',1824,,204,37,,,0
7019,'1400738',1124,,205,37,,,0
7019,'1400743',924,,206,37,,,0
7019,'1400763',1524,,207,37,,,0
7019,'1400766',2124,,208,37,,,0
7019,'1400797',1854,,209,37,,,0
7019,'1400808',1354,,210,37,,,0
7019,'1400818',1954,,211,37,,,0
7019,'1400821',1724,,212,37,,,0
7019,'1400822',1024,,213,37,,,0
7019,'1400845',2153,,214,37,,,0
7019,'1400859',724,,215,37,,,0
7019,'1400866',1654,,216,37,,,0
7019,'1400880',1424,,217,37,,,0
7019,'1400906',754,,218,37,,,0
7019,'1400929',1554,,219,37,,,0
7019,'1400945',2054,,220,37,,,0
7019,'1400947',1454,,221,37,,,0
7019,'1400962',1054,,222,37,,,0
7019,'1400973',1254,,223,37,,,0
7019,'1400992',1324,,224,37,,,0
