4019,'1279123',1431,,97,3,,,0
4019,'1279171',701,,98,3,,,0
4019,'1279191',901,,99,3,,,0
4019,'1279351',2031,,100,3,,,0
4019,'1279362',1831,,101,3,,,0
4019,'1279469',1331,,102,3,,,0
4019,'1279906',2001,,103,3,,,0
4019,'1280189',731,,104,3,,,0
4019,'1280192',1031,,105,3,,,0
4019,'1280293',831,,106,3,,,0
4019,'1280507',1931,,107,3,,,0
4019,'1280838',1701,,108,3,,,0
4019,'1280921',1201,,109,3,,,0
4019,'1281220',601,,110,3,,,0
4019,'1281330',1601,,111,3,,,0
4019,'1281387',2131,,112,3,,,0
4019,'1281529',1001,,113,3,,,0
4019,'1281609',801,,114,3,,,0
4019,'1281636',1901,,115,3,,,0
4019,'1281937',1301,,116,3,,,0
4019,'1282104',1501,,117,3,,,0
4019,'1282143',1731,,118,3,,,0
4019,'1282256',931,,119,3,,,0
4019,'1282401',1801,,120,3,,,0
4019,'1282483',1131,,121,3,,,0
4019,'1282867',1101,,122,3,,,0
4019,'1282877',1531,,123,3,,,0
4019,'1283160',1231,,124,3,,,0
4019,'1283459',631,,125,3,,,0
4019,'1283542',1631,,126,3,,,0
4019,'1283577',1401,,127,3,,,0
4019,'1283657',2101,,128,3,,,0
10019,'1280418',729,,228,3,,,0
