7019,'1400344',1738,,193,12,,,0
7019,'1400361',808,,194,12,,,0
7019,'1400396',608,,195,12,,,0
7019,'1400410',1138,,196,12,,,0
7019,'1400427',638,,197,12,,,0
7019,'1400428',1208,,198,12,,,0
7019,'1400533',2008,,199,12,,,0
7019,'1400589',1908,,200,12,,,0
7019,'1400639',838,,201,12,,,0
7019,'1400662',1608,,202,12,,,0
7019,'1400683',938,,203,12,,,0
7019,'1400688',1808,,204,12,,,0
7019,'1400738',1108,,205,12,,,0
7019,'1400743',908,,206,12,,,0
7019,'1400763',1508,,207,12,,,0
7019,'1400766',2108,,208,12,,,0
7019,'1400797',1838,,209,12,,,0
7019,'1400808',1338,,210,12,,,0
7019,'1400818',1938,,211,12,,,0
7019,'1400821',1708,,212,12,,,0
7019,'1400822',1008,,213,12,,,0
7019,'1400845',2138,,214,12,,,0
7019,'1400859',708,,215,12,,,0
7019,'1400866',1638,,216,12,,,0
7019,'1400880',1408,,217,12,,,0
7019,'1400906',738,,218,12,,,0
7019,'1400929',1538,,219,12,,,0
7019,'1400945',2038,,220,12,,,0
7019,'1400947',1438,,221,12,,,0
7019,'1400962',1038,,222,12,,,0
7019,'1400973',1238,,223,12,,,0
7019,'1400992',1308,,224,12,,,0
