7019,'1400344',1730,,193,2,,,0
7019,'1400361',800,,194,2,,,0
7019,'1400396',600,,195,2,,,0
7019,'1400410',1130,,196,2,,,0
7019,'1400427',630,,197,2,,,0
7019,'1400428',1200,,198,2,,,0
7019,'1400533',2000,,199,2,,,0
7019,'1400589',1900,,200,2,,,0
7019,'1400639',830,,201,2,,,0
7019,'1400662',1600,,202,2,,,0
7019,'1400683',930,,203,2,,,0
7019,'1400688',1800,,204,2,,,0
7019,'1400738',1100,,205,2,,,0
7019,'1400743',900,,206,2,,,0
7019,'1400763',1500,,207,2,,,0
7019,'1400766',2100,,208,2,,,0
7019,'1400797',1830,,209,2,,,0
7019,'1400808',1330,,210,2,,,0
7019,'1400818',1930,,211,2,,,0
7019,'1400821',1700,,212,2,,,0
7019,'1400822',1000,,213,2,,,0
7019,'1400845',2130,,214,2,,,0
7019,'1400859',700,,215,2,,,0
7019,'1400866',1630,,216,2,,,0
7019,'1400880',1400,,217,2,,,0
7019,'1400906',730,,218,2,,,0
7019,'1400929',1530,,219,2,,,0
7019,'1400945',2030,,220,2,,,0
7019,'1400947',1430,,221,2,,,0
7019,'1400962',1030,,222,2,,,0
7019,'1400973',1230,,223,2,,,0
7019,'1400992',1300,,224,2,,,0
