2019,'1475659',608,,33,13,,,0
2019,'1475660',638,,34,13,,,0
2019,'1475661',708,,35,13,,,0
2019,'1475662',738,,36,13,,,0
2019,'1475663',808,,37,13,,,0
2019,'1475664',838,,38,13,,,0
2019,'1475665',908,,39,13,,,0
2019,'1475666',938,,40,13,,,0
2019,'1475667',1008,,41,13,,,0
2019,'1475668',1038,,42,13,,,0
2019,'1475669',1108,,43,13,,,0
2019,'1475670',1138,,44,13,,,0
2019,'1475671',1208,,45,13,,,0
2019,'1475672',1238,,46,13,,,0
2019,'1475673',1308,,47,13,,,0
2019,'1475674',1338,,48,13,,,0
2019,'1475675',1408,,49,13,,,0
2019,'1475676',1438,,50,13,,,0
2019,'1475677',1508,,51,13,,,0
2019,'1475678',1538,,52,13,,,0
2019,'1475679',1608,,53,13,,,0
2019,'1475680',1638,,54,13,,,0
2019,'1475681',1708,,55,13,,,0
2019,'1475682',1738,,56,13,,,0
2019,'1475683',1808,,57,13,,,0
2019,'1475684',1838,,58,13,,,0
2019,'1475685',1908,,59,13,,,0
2019,'1475686',1938,,60,13,,,0
2019,'1475687',2008,,61,13,,,0
2019,'1475688',2038,,62,13,,,0
2019,'1475689',2108,,63,13,,,0
2019,'1475690',2138,,64,13,,,0
