7019,'1400344',1732,,193,4,,,0
7019,'1400361',802,,194,4,,,0
7019,'1400396',602,,195,4,,,0
7019,'1400410',1132,,196,4,,,0
7019,'1400427',632,,197,4,,,0
7019,'1400428',1202,,198,4,,,0
7019,'1400533',2002,,199,4,,,0
7019,'1400589',1902,,200,4,,,0
7019,'1400639',832,,201,4,,,0
7019,'1400662',1602,,202,4,,,0
7019,'1400683',932,,203,4,,,0
7019,'1400688',1802,,204,4,,,0
7019,'1400738',1102,,205,4,,,0
7019,'1400743',902,,206,4,,,0
7019,'1400763',1502,,207,4,,,0
7019,'1400766',2102,,208,4,,,0
7019,'1400797',1832,,209,4,,,0
7019,'1400808',1332,,210,4,,,0
7019,'1400818',1932,,211,4,,,0
7019,'1400821',1702,,212,4,,,0
7019,'1400822',1002,,213,4,,,0
7019,'1400845',2132,,214,4,,,0
7019,'1400859',702,,215,4,,,0
7019,'1400866',1632,,216,4,,,0
7019,'1400880',1402,,217,4,,,0
7019,'1400906',732,,218,4,,,0
7019,'1400929',1532,,219,4,,,0
7019,'1400945',2032,,220,4,,,0
7019,'1400947',1432,,221,4,,,0
7019,'1400962',1032,,222,4,,,0
7019,'1400973',1232,,223,4,,,0
7019,'1400992',1302,,224,4,,,0
