5019,'1279336',2113,,129,28,,,0
5019,'1279360',1643,,130,28,,,0
5019,'1279724',1243,,131,28,,,0
5019,'1279909',1113,,132,28,,,0
5019,'1279968',943,,133,28,,,0
5019,'1280159',1943,,134,28,,,0
5019,'1280196',2013,,135,28,,,0
5019,'1280528',1613,,136,28,,,0
5019,'1280538',813,,137,28,,,0
5019,'1280597',913,,138,28,,,0
5019,'1280704',1313,,139,28,,,0
5019,'1280767',843,,140,28,,,0
5019,'1280939',613,,141,28,,,0
5019,'1281159',1713,,142,28,,,0
5019,'1281496',1143,,143,28,,,0
5019,'1281614',1543,,144,28,,,0
5019,'1281867',1913,,145,28,,,0
5019,'1281892',2143,,146,28,,,0
5019,'1281918',1013,,147,28,,,0
5019,'1281954',1813,,148,28,,,0
5019,'1282080',2043,,149,28,,,0
5019,'1282121',1843,,150,28,,,0
5019,'1282311',1213,,151,28,,,0
5019,'1282695',713,,152,28,,,0
5019,'1282785',643,,153,28,,,0
5019,'1282876',1443,,154,28,,,0
5019,'1283012',1513,,155,28,,,0
5019,'1283201',1743,,156,28,,,0
5019,'1283397',1413,,157,28,,,0
5019,'1283530',743,,158,28,,,0
5019,'1283849',1343,,159,28,,,0
5019,'1284100',1043,,160,28,,,0
8019,'1309753',810,,226,28,,,0
