5019,'1279336',2122,,129,43,,,0
5019,'1279360',1652,,130,43,,,0
5019,'1279724',1252,,131,43,,,0
5019,'1279909',1122,,132,43,,,0
5019,'1279968',952,,133,43,,,0
5019,'1280159',1952,,134,43,,,0
5019,'1280196',2022,,135,43,,,0
5019,'1280528',1622,,136,43,,,0
5019,'1280538',822,,137,43,,,0
5019,'1280597',922,,138,43,,,0
5019,'1280704',1322,,139,43,,,0
5019,'1280767',852,,140,43,,,0
5019,'1280939',622,,141,43,,,0
5019,'1281159',1722,,142,43,,,0
5019,'1281496',1152,,143,43,,,0
5019,'1281614',1552,,144,43,,,0
5019,'1281867',1922,,145,43,,,0
5019,'1281892',2152,,146,43,,,0
5019,'1281918',1022,,147,43,,,0
5019,'1281954',1822,,148,43,,,0
5019,'1282080',2052,,149,43,,,0
5019,'1282121',1852,,150,43,,,0
5019,'1282311',1222,,151,43,,,0
5019,'1282695',722,,152,43,,,0
5019,'1282785',652,,153,43,,,0
5019,'1282876',1452,,154,43,,,0
5019,'1283012',1522,,155,43,,,0
5019,'1283201',1752,,156,43,,,0
5019,'1283397',1422,,157,43,,,0
5019,'1283530',752,,158,43,,,0
5019,'1283849',1352,,159,43,,,0
5019,'1284100',1052,,160,43,,,0
8019,'1309753',819,,226,42,,,0
