2019,'1475659',600,,33,2,,,0
2019,'1475660',630,,34,2,,,0
2019,'1475661',700,,35,2,,,0
2019,'1475662',730,,36,2,,,0
2019,'1475663',800,,37,2,,,0
2019,'1475664',830,,38,2,,,0
2019,'1475665',900,,39,2,,,0
2019,'1475666',930,,40,2,,,0
2019,'1475667',1000,,41,2,,,0
2019,'1475668',1030,,42,2,,,0
2019,'1475669',1100,,43,2,,,0
2019,'1475670',1130,,44,2,,,0
2019,'1475671',1200,,45,2,,,0
2019,'1475672',1230,,46,2,,,0
2019,'1475673',1300,,47,2,,,0
2019,'1475674',1330,,48,2,,,0
2019,'1475675',1400,,49,2,,,0
2019,'1475676',1430,,50,2,,,0
2019,'1475677',1500,,51,2,,,0
2019,'1475678',1530,,52,2,,,0
2019,'1475679',1600,,53,2,,,0
2019,'1475680',1630,,54,2,,,0
2019,'1475681',1700,,55,2,,,0
2019,'1475682',1730,,56,2,,,0
2019,'1475683',1800,,57,2,,,0
2019,'1475684',1830,,58,2,,,0
2019,'1475685',1900,,59,2,,,0
2019,'1475686',1930,,60,2,,,0
2019,'1475687',2000,,61,2,,,0
2019,'1475688',2030,,62,2,,,0
2019,'1475689',2100,,63,2,,,0
2019,'1475690',2130,,64,2,,,0
8019,'1282156',728,,225,2,,,0
