3019,'1497228',619,,248,33,,,0
3019,'1497229',649,,249,33,,,0
3019,'1497230',719,,250,33,,,0
3019,'1497231',749,,251,33,,,0
3019,'1497232',819,,252,33,,,0
3019,'1497233',849,,253,33,,,0
3019,'1497234',919,,254,33,,,0
3019,'1497235',949,,255,33,,,0
3019,'1497236',1019,,256,33,,,0
3019,'1497237',1049,,257,33,,,0
3019,'1497238',1119,,258,33,,,0
3019,'1497239',1149,,259,33,,,0
3019,'1497240',1219,,260,33,,,0
3019,'1497241',1249,,261,33,,,0
3019,'1497242',1319,,262,33,,,0
3019,'1497243',1349,,263,33,,,0
3019,'1497244',1419,,264,33,,,0
3019,'1497245',1449,,265,33,,,0
3019,'1497246',1519,,266,33,,,0
3019,'1497247',1549,,267,33,,,0
3019,'1497248',1619,,268,33,,,0
3019,'1497249',1649,,269,33,,,0
3019,'1497250',1719,,270,33,,,0
3019,'1497251',1749,,271,33,,,0
3019,'1497252',1819,,272,33,,,0
3019,'1497253',1849,,273,33,,,0
3019,'1497254',1919,,274,33,,,0
3019,'1497255',1949,,275,33,,,0
3019,'1497256',2019,,276,33,,,0
3019,'1497257',2049,,277,33,,,0
3019,'1497258',2119,,278,33,,,0
3019,'1497259',2149,,279,33,,,0
