2019,'1475659',606,,33,9,,,0
2019,'1475660',636,,34,9,,,0
2019,'1475661',706,,35,9,,,0
2019,'1475662',736,,36,9,,,0
2019,'1475663',806,,37,9,,,0
2019,'1475664',836,,38,9,,,0
2019,'1475665',906,,39,9,,,0
2019,'1475666',936,,40,9,,,0
2019,'1475667',1006,,41,9,,,0
2019,'1475668',1036,,42,9,,,0
2019,'1475669',1106,,43,9,,,0
2019,'1475670',1136,,44,9,,,0
2019,'1475671',1206,,45,9,,,0
2019,'1475672',1236,,46,9,,,0
2019,'1475673',1306,,47,9,,,0
2019,'1475674',1336,,48,9,,,0
2019,'1475675',1406,,49,9,,,0
2019,'1475676',1436,,50,9,,,0
2019,'1475677',1506,,51,9,,,0
2019,'1475678',1536,,52,9,,,0
2019,'1475679',1606,,53,9,,,0
2019,'1475680',1636,,54,9,,,0
2019,'1475681',1706,,55,9,,,0
2019,'1475682',1736,,56,9,,,0
2019,'1475683',1806,,57,9,,,0
2019,'1475684',1836,,58,9,,,0
2019,'1475685',1906,,59,9,,,0
2019,'1475686',1936,,60,9,,,0
2019,'1475687',2006,,61,9,,,0
2019,'1475688',2036,,62,9,,,0
2019,'1475689',2106,,63,9,,,0
2019,'1475690',2136,,64,9,,,0
8019,'1282156',734,,225,9,,,0
