6019,'1412378',2020,,161,42,,,0
6019,'1412574',2150,,162,42,,,0
6019,'1412586',1120,,163,42,,,0
6019,'1412633',1920,,164,42,,,0
6019,'1412654',1950,,165,42,,,0
6019,'1412663',1450,,166,42,,,0
6019,'1412719',950,,167,42,,,0
6019,'1412861',850,,168,42,,,0
6019,'1412867',720,,169,42,,,0
6019,'1412927',1720,,170,42,,,0
6019,'1413018',1150,,171,42,,,0
6019,'1413058',1320,,172,42,,,0
6019,'1413074',620,,173,42,,,0
6019,'1413172',1350,,174,42,,,0
6019,'1413173',2050,,175,42,,,0
6019,'1413188',2120,,176,42,,,0
6019,'1413228',1420,,177,42,,,0
6019,'1413263',1020,,178,42,,,0
6019,'1413307',650,,179,42,,,0
6019,'1413432',1820,,180,42,,,0
6019,'1413444',750,,181,42,,,0
6019,'1413514',1850,,182,42,,,0
6019,'1413572',1050,,183,42,,,0
6019,'1413697',1220,,184,42,,,0
6019,'1413715',920,,185,42,,,0
6019,'1413733',1550,,186,42,,,0
6019,'1413791',1650,,187,42,,,0
6019,'1413807',820,,188,42,,,0
6019,'1413860',1250,,189,42,,,0
6019,'1413872',1520,,190,42,,,0
6019,'1413914',1620,,191,42,,,0
6019,'1413976',1750,,192,42,,,0
10029,'1309124',817,,229,38,,,0
