7019,'1400344',1746,,193,28,,,0
7019,'1400361',816,,194,28,,,0
7019,'1400396',616,,195,28,,,0
7019,'1400410',1146,,196,28,,,0
7019,'1400427',646,,197,28,,,0
7019,'1400428',1216,,198,28,,,0
7019,'1400533',2016,,199,28,,,0
7019,'1400589',1916,,200,28,,,0
7019,'1400639',846,,201,28,,,0
7019,'1400662',1616,,202,28,,,0
7019,'1400683',946,,203,28,,,0
7019,'1400688',1816,,204,28,,,0
7019,'1400738',1116,,205,28,,,0
7019,'1400743',916,,206,28,,,0
7019,'1400763',1516,,207,28,,,0
7019,'1400766',2116,,208,28,,,0
7019,'1400797',1846,,209,28,,,0
7019,'1400808',1346,,210,28,,,0
7019,'1400818',1946,,211,28,,,0
7019,'1400821',1716,,212,28,,,0
7019,'1400822',1016,,213,28,,,0
7019,'1400845',2146,,214,28,,,0
7019,'1400859',716,,215,28,,,0
7019,'1400866',1646,,216,28,,,0
7019,'1400880',1416,,217,28,,,0
7019,'1400906',746,,218,28,,,0
7019,'1400929',1546,,219,28,,,0
7019,'1400945',2046,,220,28,,,0
7019,'1400947',1446,,221,28,,,0
7019,'1400962',1046,,222,28,,,0
7019,'1400973',1246,,223,28,,,0
7019,'1400992',1316,,224,28,,,0
