1019,'1463114',1513,,1,20,,,0
1019,'1463124',1813,,2,20,,,0
1019,'1463129',743,,3,20,,,0
1019,'1463141',1343,,4,20,,,0
1019,'1463166',1113,,5,20,,,0
1019,'1463175',1043,,6,20,,,0
1019,'1463193',1543,,7,20,,,0
1019,'1463219',1913,,8,20,,,0
1019,'1463224',1413,,9,20,,,0
1019,'1463236',1443,,10,20,,,0
1019,'1463263',1843,,11,20,,,0
1019,'1463272',1713,,12,20,,,0
1019,'1463293',2113,,13,20,,,0
1019,'1463297',1213,,14,20,,,0
1019,'1463310',1143,,15,20,,,0
1019,'1463321',843,,16,20,,,0
1019,'1463333',1243,,17,20,,,0
1019,'1463355',613,,18,20,,,0
1019,'1463379',1613,,19,20,,,0
1019,'1463398',2043,,20,20,,,0
1019,'1463405',1643,,21,20,,,0
1019,'1463416',1313,,22,20,,,0
1019,'1463417',813,,23,20,,,0
1019,'1463455',2013,,24,20,,,0
1019,'1463456',1013,,25,20,,,0
1019,'1463466',2143,,26,20,,,0
1019,'1463493',1943,,27,20,,,0
1019,'1463502',643,,28,20,,,0
1019,'1463503',943,,29,20,,,0
1019,'1463511',1743,,30,20,,,0
1019,'1463515',713,,31,20,,,0
1019,'1463529',913,,32,20,,,0
