3019,'1497228',616,,248,23,,,0
3019,'1497229',645,,249,23,,,0
3019,'1497230',716,,250,23,,,0
3019,'1497231',746,,251,23,,,0
3019,'1497232',816,,252,23,,,0
3019,'1497233',846,,253,23,,,0
3019,'1497234',916,,254,23,,,0
3019,'1497235',946,,255,23,,,0
3019,'1497236',1016,,256,23,,,0
3019,'1497237',1046,,257,23,,,0
3019,'1497238',1116,,258,23,,,0
3019,'1497239',1146,,259,23,,,0
3019,'1497240',1216,,260,23,,,0
3019,'1497241',1246,,261,23,,,0
3019,'1497242',1316,,262,23,,,0
3019,'1497243',1346,,263,23,,,0
3019,'1497244',1416,,264,23,,,0
3019,'1497245',1446,,265,23,,,0
3019,'1497246',1516,,266,23,,,0
3019,'1497247',1546,,267,23,,,0
3019,'1497248',1616,,268,23,,,0
3019,'1497249',1646,,269,23,,,0
3019,'1497250',1716,,270,23,,,0
3019,'1497251',1746,,271,23,,,0
3019,'1497252',1816,,272,23,,,0
3019,'1497253',1846,,273,23,,,0
3019,'1497254',1916,,274,23,,,0
3019,'1497255',1946,,275,23,,,0
3019,'1497256',2016,,276,23,,,0
3019,'1497257',2046,,277,23,,,0
3019,'1497258',2116,,278,23,,,0
3019,'1497259',2146,,279,23,,,0
