7019,'1400344',1740,,193,16,,,0
7019,'1400361',810,,194,16,,,0
7019,'1400396',610,,195,16,,,0
7019,'1400410',1140,,196,16,,,0
7019,'1400427',640,,197,16,,,0
7019,'1400428',1210,,198,16,,,0
7019,'1400533',2010,,199,16,,,0
7019,'1400589',1910,,200,16,,,0
7019,'1400639',840,,201,16,,,0
7019,'1400662',1610,,202,16,,,0
7019,'1400683',940,,203,16,,,0
7019,'1400688',1810,,204,16,,,0
7019,'1400738',1110,,205,16,,,0
7019,'1400743',910,,206,16,,,0
7019,'1400763',1510,,207,16,,,0
7019,'1400766',2110,,208,16,,,0
7019,'1400797',1840,,209,16,,,0
7019,'1400808',1340,,210,16,,,0
7019,'1400818',1940,,211,16,,,0
7019,'1400821',1710,,212,16,,,0
7019,'1400822',1010,,213,16,,,0
7019,'1400845',2140,,214,16,,,0
7019,'1400859',710,,215,16,,,0
7019,'1400866',1640,,216,16,,,0
7019,'1400880',1410,,217,16,,,0
7019,'1400906',740,,218,16,,,0
7019,'1400929',1540,,219,16,,,0
7019,'1400945',2040,,220,16,,,0
7019,'1400947',1440,,221,16,,,0
7019,'1400962',1040,,222,16,,,0
7019,'1400973',1240,,223,16,,,0
7019,'1400992',1310,,224,16,,,0
