2019,'1475659',606,,33,10,,,0
2019,'1475660',636,,34,10,,,0
2019,'1475661',706,,35,10,,,0
2019,'1475662',736,,36,10,,,0
2019,'1475663',806,,37,10,,,0
2019,'1475664',836,,38,10,,,0
2019,'1475665',906,,39,10,,,0
2019,'1475666',936,,40,10,,,0
2019,'1475667',1006,,41,10,,,0
2019,'1475668',1036,,42,10,,,0
2019,'1475669',1106,,43,10,,,0
2019,'1475670',1136,,44,10,,,0
2019,'1475671',1206,,45,10,,,0
2019,'1475672',1236,,46,10,,,0
2019,'1475673',1306,,47,10,,,0
2019,'1475674',1336,,48,10,,,0
2019,'1475675',1406,,49,10,,,0
2019,'1475676',1436,,50,10,,,0
2019,'1475677',1506,,51,10,,,0
2019,'1475678',1536,,52,10,,,0
2019,'1475679',1606,,53,10,,,0
2019,'1475680',1636,,54,10,,,0
2019,'1475681',1706,,55,10,,,0
2019,'1475682',1736,,56,10,,,0
2019,'1475683',1806,,57,10,,,0
2019,'1475684',1836,,58,10,,,0
2019,'1475685',1906,,59,10,,,0
2019,'1475686',1936,,60,10,,,0
2019,'1475687',2006,,61,10,,,0
2019,'1475688',2036,,62,10,,,0
2019,'1475689',2106,,63,10,,,0
2019,'1475690',2136,,64,10,,,0
8019,'1282156',735,,225,10,,,0
