4019,'1279123',1453,,97,37,,,0
4019,'1279171',723,,98,37,,,0
4019,'1279191',923,,99,37,,,0
4019,'1279351',2053,,100,37,,,0
4019,'1279362',1853,,101,37,,,0
4019,'1279469',1353,,102,37,,,0
4019,'1279906',2023,,103,37,,,0
4019,'1280189',753,,104,37,,,0
4019,'1280192',1053,,105,37,,,0
4019,'1280293',853,,106,37,,,0
4019,'1280507',1953,,107,37,,,0
4019,'1280838',1723,,108,37,,,0
4019,'1280921',1223,,109,37,,,0
4019,'1281220',623,,110,37,,,0
4019,'1281330',1623,,111,37,,,0
4019,'1281387',2153,,112,37,,,0
4019,'1281529',1023,,113,37,,,0
4019,'1281609',823,,114,37,,,0
4019,'1281636',1923,,115,37,,,0
4019,'1281937',1323,,116,37,,,0
4019,'1282104',1523,,117,37,,,0
4019,'1282143',1753,,118,37,,,0
4019,'1282256',953,,119,37,,,0
4019,'1282401',1823,,120,37,,,0
4019,'1282483',1153,,121,37,,,0
4019,'1282867',1123,,122,37,,,0
4019,'1282877',1553,,123,37,,,0
4019,'1283160',1253,,124,37,,,0
4019,'1283459',653,,125,37,,,0
4019,'1283542',1653,,126,37,,,0
4019,'1283577',1423,,127,37,,,0
4019,'1283657',2123,,128,37,,,0
10019,'1280418',749,,228,33,,,0
