5019,'1279336',2109,,129,19,,,0
5019,'1279360',1639,,130,19,,,0
5019,'1279724',1239,,131,19,,,0
5019,'1279909',1109,,132,19,,,0
5019,'1279968',939,,133,19,,,0
5019,'1280159',1939,,134,19,,,0
5019,'1280196',2009,,135,19,,,0
5019,'1280528',1609,,136,19,,,0
5019,'1280538',809,,137,19,,,0
5019,'1280597',909,,138,19,,,0
5019,'1280704',1309,,139,19,,,0
5019,'1280767',839,,140,19,,,0
5019,'1280939',609,,141,19,,,0
5019,'1281159',1709,,142,19,,,0
5019,'1281496',1139,,143,19,,,0
5019,'1281614',1539,,144,19,,,0
5019,'1281867',1909,,145,19,,,0
5019,'1281892',2139,,146,19,,,0
5019,'1281918',1009,,147,19,,,0
5019,'1281954',1809,,148,19,,,0
5019,'1282080',2039,,149,19,,,0
5019,'1282121',1839,,150,19,,,0
5019,'1282311',1209,,151,19,,,0
5019,'1282695',709,,152,19,,,0
5019,'1282785',639,,153,19,,,0
5019,'1282876',1439,,154,19,,,0
5019,'1283012',1509,,155,19,,,0
5019,'1283201',1739,,156,19,,,0
5019,'1283397',1409,,157,19,,,0
5019,'1283530',739,,158,19,,,0
5019,'1283849',1339,,159,19,,,0
5019,'1284100',1039,,160,19,,,0
8019,'1282156',744,,225,20,,,0
8019,'1309753',806,,226,19,,,0
