7019,'1400344',1742,,193,20,,,0
7019,'1400361',812,,194,20,,,0
7019,'1400396',612,,195,20,,,0
7019,'1400410',1142,,196,20,,,0
7019,'1400427',642,,197,20,,,0
7019,'1400428',1212,,198,20,,,0
7019,'1400533',2012,,199,20,,,0
7019,'1400589',1912,,200,20,,,0
7019,'1400639',842,,201,20,,,0
7019,'1400662',1612,,202,20,,,0
7019,'1400683',942,,203,20,,,0
7019,'1400688',1812,,204,20,,,0
7019,'1400738',1112,,205,20,,,0
7019,'1400743',912,,206,20,,,0
7019,'1400763',1512,,207,20,,,0
7019,'1400766',2112,,208,20,,,0
7019,'1400797',1842,,209,20,,,0
7019,'1400808',1342,,210,20,,,0
7019,'1400818',1942,,211,20,,,0
7019,'1400821',1712,,212,20,,,0
7019,'1400822',1012,,213,20,,,0
7019,'1400845',2142,,214,20,,,0
7019,'1400859',712,,215,20,,,0
7019,'1400866',1642,,216,20,,,0
7019,'1400880',1412,,217,20,,,0
7019,'1400906',742,,218,20,,,0
7019,'1400929',1542,,219,20,,,0
7019,'1400945',2042,,220,20,,,0
7019,'1400947',1442,,221,20,,,0
7019,'1400962',1042,,222,20,,,0
7019,'1400973',1242,,223,20,,,0
7019,'1400992',1312,,224,20,,,0
