2019,'1475659',623,,33,35,,,0
2019,'1475660',653,,34,35,,,0
2019,'1475661',723,,35,35,,,0
2019,'1475662',753,,36,35,,,0
2019,'1475663',823,,37,35,,,0
2019,'1475664',853,,38,35,,,0
2019,'1475665',923,,39,35,,,0
2019,'1475666',953,,40,35,,,0
2019,'1475667',1023,,41,35,,,0
2019,'1475668',1053,,42,35,,,0
2019,'1475669',1123,,43,35,,,0
2019,'1475670',1153,,44,35,,,0
2019,'1475671',1223,,45,35,,,0
2019,'1475672',1253,,46,35,,,0
2019,'1475673',1323,,47,35,,,0
2019,'1475674',1353,,48,35,,,0
2019,'1475675',1423,,49,35,,,0
2019,'1475676',1453,,50,35,,,0
2019,'1475677',1523,,51,35,,,0
2019,'1475678',1553,,52,35,,,0
2019,'1475679',1623,,53,35,,,0
2019,'1475680',1653,,54,35,,,0
2019,'1475681',1723,,55,35,,,0
2019,'1475682',1753,,56,35,,,0
2019,'1475683',1823,,57,35,,,0
2019,'1475684',1853,,58,35,,,0
2019,'1475685',1923,,59,35,,,0
2019,'1475686',1953,,60,35,,,0
2019,'1475687',2023,,61,35,,,0
2019,'1475688',2053,,62,35,,,0
2019,'1475689',2123,,63,35,,,0
2019,'1475690',2153,,64,35,,,0
8019,'1282156',748,,225,28,,,0
