5019,'1279336',2111,,129,24,,,0
5019,'1279360',1641,,130,24,,,0
5019,'1279724',1241,,131,24,,,0
5019,'1279909',1111,,132,24,,,0
5019,'1279968',941,,133,24,,,0
5019,'1280159',1941,,134,24,,,0
5019,'1280196',2011,,135,24,,,0
5019,'1280528',1611,,136,24,,,0
5019,'1280538',811,,137,24,,,0
5019,'1280597',911,,138,24,,,0
5019,'1280704',1311,,139,24,,,0
5019,'1280767',841,,140,24,,,0
5019,'1280939',611,,141,24,,,0
5019,'1281159',1711,,142,24,,,0
5019,'1281496',1141,,143,24,,,0
5019,'1281614',1541,,144,24,,,0
5019,'1281867',1911,,145,24,,,0
5019,'1281892',2141,,146,24,,,0
5019,'1281918',1011,,147,24,,,0
5019,'1281954',1811,,148,24,,,0
5019,'1282080',2041,,149,24,,,0
5019,'1282121',1841,,150,24,,,0
5019,'1282311',1211,,151,24,,,0
5019,'1282695',711,,152,24,,,0
5019,'1282785',641,,153,24,,,0
5019,'1282876',1441,,154,24,,,0
5019,'1283012',1511,,155,24,,,0
5019,'1283201',1741,,156,24,,,0
5019,'1283397',1411,,157,24,,,0
5019,'1283530',741,,158,24,,,0
5019,'1283849',1341,,159,24,,,0
5019,'1284100',1041,,160,24,,,0
8019,'1309753',808,,226,24,,,0
