7019,'1400344',1737,,193,11,,,0
7019,'1400361',807,,194,11,,,0
7019,'1400396',607,,195,11,,,0
7019,'1400410',1137,,196,11,,,0
7019,'1400427',637,,197,11,,,0
7019,'1400428',1207,,198,11,,,0
7019,'1400533',2007,,199,11,,,0
7019,'1400589',1907,,200,11,,,0
7019,'1400639',837,,201,11,,,0
7019,'1400662',1607,,202,11,,,0
7019,'1400683',937,,203,11,,,0
7019,'1400688',1807,,204,11,,,0
7019,'1400738',1107,,205,11,,,0
7019,'1400743',907,,206,11,,,0
7019,'1400763',1507,,207,11,,,0
7019,'1400766',2107,,208,11,,,0
7019,'1400797',1837,,209,11,,,0
7019,'1400808',1337,,210,11,,,0
7019,'1400818',1937,,211,11,,,0
7019,'1400821',1707,,212,11,,,0
7019,'1400822',1007,,213,11,,,0
7019,'1400845',2137,,214,11,,,0
7019,'1400859',707,,215,11,,,0
7019,'1400866',1637,,216,11,,,0
7019,'1400880',1407,,217,11,,,0
7019,'1400906',737,,218,11,,,0
7019,'1400929',1537,,219,11,,,0
7019,'1400945',2037,,220,11,,,0
7019,'1400947',1437,,221,11,,,0
7019,'1400962',1037,,222,11,,,0
7019,'1400973',1237,,223,11,,,0
7019,'1400992',1307,,224,11,,,0
