5019,'1279336',2116,,129,33,,,0
5019,'1279360',1646,,130,33,,,0
5019,'1279724',1246,,131,33,,,0
5019,'1279909',1116,,132,33,,,0
5019,'1279968',946,,133,33,,,0
5019,'1280159',1946,,134,33,,,0
5019,'1280196',2016,,135,33,,,0
5019,'1280528',1616,,136,33,,,0
5019,'1280538',816,,137,33,,,0
5019,'1280597',916,,138,33,,,0
5019,'1280704',1316,,139,33,,,0
5019,'1280767',846,,140,33,,,0
5019,'1280939',616,,141,33,,,0
5019,'1281159',1716,,142,33,,,0
5019,'1281496',1146,,143,33,,,0
5019,'1281614',1546,,144,33,,,0
5019,'1281867',1916,,145,33,,,0
5019,'1281892',2146,,146,33,,,0
5019,'1281918',1016,,147,33,,,0
5019,'1281954',1816,,148,33,,,0
5019,'1282080',2046,,149,33,,,0
5019,'1282121',1846,,150,33,,,0
5019,'1282311',1216,,151,33,,,0
5019,'1282695',716,,152,33,,,0
5019,'1282785',646,,153,33,,,0
5019,'1282876',1446,,154,33,,,0
5019,'1283012',1516,,155,33,,,0
5019,'1283201',1746,,156,33,,,0
5019,'1283397',1416,,157,33,,,0
5019,'1283530',746,,158,33,,,0
5019,'1283849',1346,,159,33,,,0
5019,'1284100',1046,,160,33,,,0
