3019,'1497228',608,,248,12,,,0
3019,'1497229',638,,249,12,,,0
3019,'1497230',708,,250,12,,,0
3019,'1497231',738,,251,12,,,0
3019,'1497232',808,,252,12,,,0
3019,'1497233',838,,253,12,,,0
3019,'1497234',908,,254,12,,,0
3019,'1497235',938,,255,12,,,0
3019,'1497236',1008,,256,12,,,0
3019,'1497237',1038,,257,12,,,0
3019,'1497238',1108,,258,12,,,0
3019,'1497239',1138,,259,12,,,0
3019,'1497240',1208,,260,12,,,0
3019,'1497241',1238,,261,12,,,0
3019,'1497242',1308,,262,12,,,0
3019,'1497243',1338,,263,12,,,0
3019,'1497244',1408,,264,12,,,0
3019,'1497245',1438,,265,12,,,0
3019,'1497246',1508,,266,12,,,0
3019,'1497247',1538,,267,12,,,0
3019,'1497248',1608,,268,12,,,0
3019,'1497249',1638,,269,12,,,0
3019,'1497250',1708,,270,12,,,0
3019,'1497251',1738,,271,12,,,0
3019,'1497252',1808,,272,12,,,0
3019,'1497253',1838,,273,12,,,0
3019,'1497254',1908,,274,12,,,0
3019,'1497255',1938,,275,12,,,0
3019,'1497256',2008,,276,12,,,0
3019,'1497257',2038,,277,12,,,0
3019,'1497258',2108,,278,12,,,0
3019,'1497259',2138,,279,12,,,0
