6019,'1412378',2011,,161,20,,,0
6019,'1412574',2141,,162,20,,,0
6019,'1412586',1111,,163,20,,,0
6019,'1412633',1911,,164,20,,,0
6019,'1412654',1941,,165,20,,,0
6019,'1412663',1441,,166,20,,,0
6019,'1412719',941,,167,20,,,0
6019,'1412861',841,,168,20,,,0
6019,'1412867',711,,169,20,,,0
6019,'1412927',1711,,170,20,,,0
6019,'1413018',1141,,171,20,,,0
6019,'1413058',1311,,172,20,,,0
6019,'1413074',611,,173,20,,,0
6019,'1413172',1341,,174,20,,,0
6019,'1413173',2041,,175,20,,,0
6019,'1413188',2111,,176,20,,,0
6019,'1413228',1411,,177,20,,,0
6019,'1413263',1011,,178,20,,,0
6019,'1413307',641,,179,20,,,0
6019,'1413432',1811,,180,20,,,0
6019,'1413444',741,,181,20,,,0
6019,'1413514',1841,,182,20,,,0
6019,'1413572',1041,,183,20,,,0
6019,'1413697',1211,,184,20,,,0
6019,'1413715',911,,185,20,,,0
6019,'1413733',1541,,186,20,,,0
6019,'1413791',1641,,187,20,,,0
6019,'1413807',811,,188,20,,,0
6019,'1413860',1241,,189,20,,,0
6019,'1413872',1511,,190,20,,,0
6019,'1413914',1611,,191,20,,,0
6019,'1413976',1741,,192,20,,,0
10029,'1309124',809,,229,19,,,0
