4019,'1279123',1438,,97,13,,,0
4019,'1279171',708,,98,13,,,0
4019,'1279191',908,,99,13,,,0
4019,'1279351',2038,,100,13,,,0
4019,'1279362',1838,,101,13,,,0
4019,'1279469',1338,,102,13,,,0
4019,'1279906',2008,,103,13,,,0
4019,'1280189',738,,104,13,,,0
4019,'1280192',1038,,105,13,,,0
4019,'1280293',838,,106,13,,,0
4019,'1280507',1938,,107,13,,,0
4019,'1280838',1708,,108,13,,,0
4019,'1280921',1208,,109,13,,,0
4019,'1281220',608,,110,13,,,0
4019,'1281330',1608,,111,13,,,0
4019,'1281387',2138,,112,13,,,0
4019,'1281529',1008,,113,13,,,0
4019,'1281609',808,,114,13,,,0
4019,'1281636',1908,,115,13,,,0
4019,'1281937',1308,,116,13,,,0
4019,'1282104',1508,,117,13,,,0
4019,'1282143',1738,,118,13,,,0
4019,'1282256',938,,119,13,,,0
4019,'1282401',1808,,120,13,,,0
4019,'1282483',1138,,121,13,,,0
4019,'1282867',1108,,122,13,,,0
4019,'1282877',1538,,123,13,,,0
4019,'1283160',1238,,124,13,,,0
4019,'1283459',638,,125,13,,,0
4019,'1283542',1638,,126,13,,,0
4019,'1283577',1408,,127,13,,,0
4019,'1283657',2108,,128,13,,,0
10019,'1280418',734,,228,9,,,0
