3019,'1497228',615,,248,20,,,0
3019,'1497229',644,,249,20,,,0
3019,'1497230',715,,250,20,,,0
3019,'1497231',745,,251,20,,,0
3019,'1497232',815,,252,20,,,0
3019,'1497233',845,,253,20,,,0
3019,'1497234',915,,254,20,,,0
3019,'1497235',945,,255,20,,,0
3019,'1497236',1015,,256,20,,,0
3019,'1497237',1045,,257,20,,,0
3019,'1497238',1115,,258,20,,,0
3019,'1497239',1145,,259,20,,,0
3019,'1497240',1215,,260,20,,,0
3019,'1497241',1245,,261,20,,,0
3019,'1497242',1315,,262,20,,,0
3019,'1497243',1345,,263,20,,,0
3019,'1497244',1415,,264,20,,,0
3019,'1497245',1445,,265,20,,,0
3019,'1497246',1515,,266,20,,,0
3019,'1497247',1545,,267,20,,,0
3019,'1497248',1615,,268,20,,,0
3019,'1497249',1645,,269,20,,,0
3019,'1497250',1715,,270,20,,,0
3019,'1497251',1745,,271,20,,,0
3019,'1497252',1815,,272,20,,,0
3019,'1497253',1845,,273,20,,,0
3019,'1497254',1915,,274,20,,,0
3019,'1497255',1945,,275,20,,,0
3019,'1497256',2015,,276,20,,,0
3019,'1497257',2045,,277,20,,,0
3019,'1497258',2115,,278,20,,,0
3019,'1497259',2145,,279,20,,,0
