3019,'1497228',605,,248,7,,,0
3019,'1497229',635,,249,7,,,0
3019,'1497230',705,,250,7,,,0
3019,'1497231',735,,251,7,,,0
3019,'1497232',805,,252,7,,,0
3019,'1497233',835,,253,7,,,0
3019,'1497234',905,,254,7,,,0
3019,'1497235',935,,255,7,,,0
3019,'1497236',1005,,256,7,,,0
3019,'1497237',1035,,257,7,,,0
3019,'1497238',1105,,258,7,,,0
3019,'1497239',1135,,259,7,,,0
3019,'1497240',1205,,260,7,,,0
3019,'1497241',1235,,261,7,,,0
3019,'1497242',1305,,262,7,,,0
3019,'1497243',1335,,263,7,,,0
3019,'1497244',1405,,264,7,,,0
3019,'1497245',1435,,265,7,,,0
3019,'1497246',1505,,266,7,,,0
3019,'1497247',1535,,267,7,,,0
3019,'1497248',1605,,268,7,,,0
3019,'1497249',1635,,269,7,,,0
3019,'1497250',1705,,270,7,,,0
3019,'1497251',1735,,271,7,,,0
3019,'1497252',1805,,272,7,,,0
3019,'1497253',1835,,273,7,,,0
3019,'1497254',1905,,274,7,,,0
3019,'1497255',1935,,275,7,,,0
3019,'1497256',2005,,276,7,,,0
3019,'1497257',2035,,277,7,,,0
3019,'1497258',2105,,278,7,,,0
3019,'1497259',2135,,279,7,,,0
