2019,'1475659',618,,33,28,,,0
2019,'1475660',648,,34,28,,,0
2019,'1475661',718,,35,28,,,0
2019,'1475662',748,,36,28,,,0
2019,'1475663',818,,37,28,,,0
2019,'1475664',848,,38,28,,,0
2019,'1475665',918,,39,28,,,0
2019,'1475666',948,,40,28,,,0
2019,'1475667',1018,,41,28,,,0
2019,'1475668',1048,,42,28,,,0
2019,'1475669',1118,,43,28,,,0
2019,'1475670',1148,,44,28,,,0
2019,'1475671',1218,,45,28,,,0
2019,'1475672',1248,,46,28,,,0
2019,'1475673',1318,,47,28,,,0
2019,'1475674',1348,,48,28,,,0
2019,'1475675',1418,,49,28,,,0
2019,'1475676',1448,,50,28,,,0
2019,'1475677',1518,,51,28,,,0
2019,'1475678',1548,,52,28,,,0
2019,'1475679',1618,,53,28,,,0
2019,'1475680',1648,,54,28,,,0
2019,'1475681',1718,,55,28,,,0
2019,'1475682',1748,,56,28,,,0
2019,'1475683',1818,,57,28,,,0
2019,'1475684',1848,,58,28,,,0
2019,'1475685',1918,,59,28,,,0
2019,'1475686',1948,,60,28,,,0
2019,'1475687',2018,,61,28,,,0
2019,'1475688',2048,,62,28,,,0
2019,'1475689',2118,,63,28,,,0
2019,'1475690',2148,,64,28,,,0
