5019,'1279336',2124,,129,47,,,0
5019,'1279360',1654,,130,47,,,0
5019,'1279724',1254,,131,47,,,0
5019,'1279909',1124,,132,47,,,0
5019,'1279968',954,,133,47,,,0
5019,'1280159',1954,,134,47,,,0
5019,'1280196',2024,,135,47,,,0
5019,'1280528',1624,,136,47,,,0
5019,'1280538',824,,137,47,,,0
5019,'1280597',924,,138,47,,,0
5019,'1280704',1324,,139,47,,,0
5019,'1280767',854,,140,47,,,0
5019,'1280939',625,,141,47,,,0
5019,'1281159',1724,,142,47,,,0
5019,'1281496',1154,,143,47,,,0
5019,'1281614',1554,,144,47,,,0
5019,'1281867',1924,,145,47,,,0
5019,'1281892',2154,,146,47,,,0
5019,'1281918',1024,,147,47,,,0
5019,'1281954',1824,,148,47,,,0
5019,'1282080',2054,,149,47,,,0
5019,'1282121',1854,,150,47,,,0
5019,'1282311',1224,,151,47,,,0
5019,'1282695',724,,152,47,,,0
5019,'1282785',655,,153,47,,,0
5019,'1282876',1454,,154,47,,,0
5019,'1283012',1524,,155,47,,,0
5019,'1283201',1754,,156,47,,,0
5019,'1283397',1424,,157,47,,,0
5019,'1283530',754,,158,47,,,0
5019,'1283849',1354,,159,47,,,0
5019,'1284100',1054,,160,47,,,0
8019,'1309753',823,,226,46,,,0
