7019,'1400344',1750,,193,33,,,0
7019,'1400361',820,,194,33,,,0
7019,'1400396',620,,195,33,,,0
7019,'1400410',1150,,196,33,,,0
7019,'1400427',650,,197,33,,,0
7019,'1400428',1220,,198,33,,,0
7019,'1400533',2020,,199,33,,,0
7019,'1400589',1920,,200,33,,,0
7019,'1400639',850,,201,33,,,0
7019,'1400662',1620,,202,33,,,0
7019,'1400683',950,,203,33,,,0
7019,'1400688',1820,,204,33,,,0
7019,'1400738',1120,,205,33,,,0
7019,'1400743',920,,206,33,,,0
7019,'1400763',1520,,207,33,,,0
7019,'1400766',2120,,208,33,,,0
7019,'1400797',1850,,209,33,,,0
7019,'1400808',1350,,210,33,,,0
7019,'1400818',1950,,211,33,,,0
7019,'1400821',1720,,212,33,,,0
7019,'1400822',1020,,213,33,,,0
7019,'1400845',2150,,214,33,,,0
7019,'1400859',720,,215,33,,,0
7019,'1400866',1650,,216,33,,,0
7019,'1400880',1420,,217,33,,,0
7019,'1400906',750,,218,33,,,0
7019,'1400929',1550,,219,33,,,0
7019,'1400945',2050,,220,33,,,0
7019,'1400947',1450,,221,33,,,0
7019,'1400962',1050,,222,33,,,0
7019,'1400973',1250,,223,33,,,0
7019,'1400992',1320,,224,33,,,0
