2019,'1475659',626,,33,38,,,0
2019,'1475660',656,,34,38,,,0
2019,'1475661',726,,35,38,,,0
2019,'1475662',756,,36,38,,,0
2019,'1475663',826,,37,38,,,0
2019,'1475664',856,,38,38,,,0
2019,'1475665',926,,39,38,,,0
2019,'1475666',956,,40,38,,,0
2019,'1475667',1026,,41,38,,,0
2019,'1475668',1056,,42,38,,,0
2019,'1475669',1126,,43,38,,,0
2019,'1475670',1156,,44,38,,,0
2019,'1475671',1226,,45,38,,,0
2019,'1475672',1256,,46,38,,,0
2019,'1475673',1326,,47,38,,,0
2019,'1475674',1356,,48,38,,,0
2019,'1475675',1426,,49,38,,,0
2019,'1475676',1456,,50,38,,,0
2019,'1475677',1526,,51,38,,,0
2019,'1475678',1556,,52,38,,,0
2019,'1475679',1626,,53,38,,,0
2019,'1475680',1656,,54,38,,,0
2019,'1475681',1726,,55,38,,,0
2019,'1475682',1756,,56,38,,,0
2019,'1475683',1826,,57,38,,,0
2019,'1475684',1856,,58,38,,,0
2019,'1475685',1926,,59,38,,,0
2019,'1475686',1956,,60,38,,,0
2019,'1475687',2026,,61,38,,,0
2019,'1475688',2056,,62,38,,,0
2019,'1475689',2126,,63,38,,,0
2019,'1475690',2155,,64,38,,,0
3019,'1497228',626,,248,41,,,0
3019,'1497229',657,,249,41,,,0
3019,'1497230',726,,250,41,,,0
3019,'1497231',756,,251,41,,,0
3019,'1497232',826,,252,41,,,0
3019,'1497233',856,,253,41,,,0
3019,'1497234',926,,254,41,,,0
3019,'1497235',956,,255,41,,,0
3019,'1497236',1026,,256,41,,,0
3019,'1497237',1056,,257,41,,,0
3019,'1497238',1126,,258,41,,,0
3019,'1497239',1156,,259,41,,,0
3019,'1497240',1226,,260,41,,,0
3019,'1497241',1256,,261,41,,,0
3019,'1497242',1326,,262,41,,,0
3019,'1497243',1356,,263,41,,,0
3019,'1497244',1426,,264,41,,,0
3019,'1497245',1456,,265,41,,,0
3019,'1497246',1526,,266,41,,,0
3019,'1497247',1556,,267,41,,,0
3019,'1497248',1626,,268,41,,,0
3019,'1497249',1656,,269,41,,,0
3019,'1497250',1726,,270,41,,,0
3019,'1497251',1756,,271,41,,,0
3019,'1497252',1826,,272,41,,,0
3019,'1497253',1856,,273,41,,,0
3019,'1497254',1926,,274,41,,,0
3019,'1497255',1956,,275,41,,,0
3019,'1497256',2026,,276,41,,,0
3019,'1497257',2056,,277,41,,,0
3019,'1497258',2126,,278,41,,,0
3019,'1497259',2155,,279,41,,,0
5019,'1279336',2126,,129,49,,,0
5019,'1279360',1656,,130,49,,,0
5019,'1279724',1256,,131,49,,,0
5019,'1279909',1126,,132,49,,,0
5019,'1279968',956,,133,49,,,0
5019,'1280159',1956,,134,49,,,0
5019,'1280196',2026,,135,49,,,0
5019,'1280528',1626,,136,49,,,0
5019,'1280538',826,,137,49,,,0
5019,'1280597',926,,138,49,,,0
5019,'1280704',1326,,139,49,,,0
5019,'1280767',856,,140,49,,,0
5019,'1280939',627,,141,49,,,0
5019,'1281159',1726,,142,49,,,0
5019,'1281496',1156,,143,49,,,0
5019,'1281614',1556,,144,49,,,0
5019,'1281867',1926,,145,49,,,0
5019,'1281892',2155,,146,49,,,0
5019,'1281918',1026,,147,49,,,0
5019,'1281954',1826,,148,49,,,0
5019,'1282080',2056,,149,49,,,0
5019,'1282121',1856,,150,49,,,0
5019,'1282311',1226,,151,49,,,0
5019,'1282695',726,,152,49,,,0
5019,'1282785',657,,153,49,,,0
5019,'1282876',1456,,154,49,,,0
5019,'1283012',1526,,155,49,,,0
5019,'1283201',1756,,156,49,,,0
5019,'1283397',1426,,157,49,,,0
5019,'1283530',756,,158,49,,,0
5019,'1283849',1356,,159,49,,,0
5019,'1284100',1056,,160,49,,,0
8019,'1282156',750,,225,31,,,0
