2019,'1475659',609,,33,15,,,0
2019,'1475660',639,,34,15,,,0
2019,'1475661',709,,35,15,,,0
2019,'1475662',739,,36,15,,,0
2019,'1475663',809,,37,15,,,0
2019,'1475664',839,,38,15,,,0
2019,'1475665',909,,39,15,,,0
2019,'1475666',939,,40,15,,,0
2019,'1475667',1009,,41,15,,,0
2019,'1475668',1039,,42,15,,,0
2019,'1475669',1109,,43,15,,,0
2019,'1475670',1139,,44,15,,,0
2019,'1475671',1209,,45,15,,,0
2019,'1475672',1239,,46,15,,,0
2019,'1475673',1309,,47,15,,,0
2019,'1475674',1339,,48,15,,,0
2019,'1475675',1409,,49,15,,,0
2019,'1475676',1439,,50,15,,,0
2019,'1475677',1509,,51,15,,,0
2019,'1475678',1539,,52,15,,,0
2019,'1475679',1609,,53,15,,,0
2019,'1475680',1639,,54,15,,,0
2019,'1475681',1709,,55,15,,,0
2019,'1475682',1739,,56,15,,,0
2019,'1475683',1809,,57,15,,,0
2019,'1475684',1839,,58,15,,,0
2019,'1475685',1909,,59,15,,,0
2019,'1475686',1939,,60,15,,,0
2019,'1475687',2009,,61,15,,,0
2019,'1475688',2039,,62,15,,,0
2019,'1475689',2109,,63,15,,,0
2019,'1475690',2139,,64,15,,,0
8019,'1282156',736,,225,11,,,0
