1019,'1463114',1503,,1,4,,,0
1019,'1463124',1803,,2,4,,,0
1019,'1463129',733,,3,4,,,0
1019,'1463141',1333,,4,4,,,0
1019,'1463166',1103,,5,4,,,0
1019,'1463175',1033,,6,4,,,0
1019,'1463193',1533,,7,4,,,0
1019,'1463219',1903,,8,4,,,0
1019,'1463224',1403,,9,4,,,0
1019,'1463236',1433,,10,4,,,0
1019,'1463263',1833,,11,4,,,0
1019,'1463272',1703,,12,4,,,0
1019,'1463293',2103,,13,4,,,0
1019,'1463297',1203,,14,4,,,0
1019,'1463310',1133,,15,4,,,0
1019,'1463321',833,,16,4,,,0
1019,'1463333',1233,,17,4,,,0
1019,'1463355',603,,18,4,,,0
1019,'1463379',1603,,19,4,,,0
1019,'1463398',2033,,20,4,,,0
1019,'1463405',1633,,21,4,,,0
1019,'1463416',1303,,22,4,,,0
1019,'1463417',803,,23,4,,,0
1019,'1463455',2003,,24,4,,,0
1019,'1463456',1003,,25,4,,,0
1019,'1463466',2133,,26,4,,,0
1019,'1463493',1933,,27,4,,,0
1019,'1463502',633,,28,4,,,0
1019,'1463503',933,,29,4,,,0
1019,'1463511',1733,,30,4,,,0
1019,'1463515',703,,31,4,,,0
1019,'1463529',903,,32,4,,,0
