7019,'1400344',1748,,193,31,,,0
7019,'1400361',818,,194,31,,,0
7019,'1400396',618,,195,31,,,0
7019,'1400410',1148,,196,31,,,0
7019,'1400427',648,,197,31,,,0
7019,'1400428',1218,,198,31,,,0
7019,'1400533',2018,,199,31,,,0
7019,'1400589',1918,,200,31,,,0
7019,'1400639',848,,201,31,,,0
7019,'1400662',1618,,202,31,,,0
7019,'1400683',948,,203,31,,,0
7019,'1400688',1818,,204,31,,,0
7019,'1400738',1118,,205,31,,,0
7019,'1400743',918,,206,31,,,0
7019,'1400763',1518,,207,31,,,0
7019,'1400766',2118,,208,31,,,0
7019,'1400797',1848,,209,31,,,0
7019,'1400808',1348,,210,31,,,0
7019,'1400818',1948,,211,31,,,0
7019,'1400821',1718,,212,31,,,0
7019,'1400822',1018,,213,31,,,0
7019,'1400845',2148,,214,31,,,0
7019,'1400859',718,,215,31,,,0
7019,'1400866',1648,,216,31,,,0
7019,'1400880',1418,,217,31,,,0
7019,'1400906',748,,218,31,,,0
7019,'1400929',1548,,219,31,,,0
7019,'1400945',2048,,220,31,,,0
7019,'1400947',1448,,221,31,,,0
7019,'1400962',1048,,222,31,,,0
7019,'1400973',1248,,223,31,,,0
7019,'1400992',1318,,224,31,,,0
