6019,'1412378',2001,,161,3,,,0
6019,'1412574',2131,,162,3,,,0
6019,'1412586',1101,,163,3,,,0
6019,'1412633',1901,,164,3,,,0
6019,'1412654',1931,,165,3,,,0
6019,'1412663',1431,,166,3,,,0
6019,'1412719',931,,167,3,,,0
6019,'1412861',831,,168,3,,,0
6019,'1412867',701,,169,3,,,0
6019,'1412927',1701,,170,3,,,0
6019,'1413018',1131,,171,3,,,0
6019,'1413058',1301,,172,3,,,0
6019,'1413074',601,,173,3,,,0
6019,'1413172',1331,,174,3,,,0
6019,'1413173',2031,,175,3,,,0
6019,'1413188',2101,,176,3,,,0
6019,'1413228',1401,,177,3,,,0
6019,'1413263',1001,,178,3,,,0
6019,'1413307',631,,179,3,,,0
6019,'1413432',1801,,180,3,,,0
6019,'1413444',731,,181,3,,,0
6019,'1413514',1831,,182,3,,,0
6019,'1413572',1031,,183,3,,,0
6019,'1413697',1201,,184,3,,,0
6019,'1413715',901,,185,3,,,0
6019,'1413733',1531,,186,3,,,0
6019,'1413791',1631,,187,3,,,0
6019,'1413807',801,,188,3,,,0
6019,'1413860',1231,,189,3,,,0
6019,'1413872',1501,,190,3,,,0
6019,'1413914',1601,,191,3,,,0
6019,'1413976',1731,,192,3,,,0
10029,'1309124',759,,229,3,,,0
