5019,'1279336',2110,,129,22,,,0
5019,'1279360',1640,,130,22,,,0
5019,'1279724',1240,,131,22,,,0
5019,'1279909',1110,,132,22,,,0
5019,'1279968',940,,133,22,,,0
5019,'1280159',1940,,134,22,,,0
5019,'1280196',2010,,135,22,,,0
5019,'1280528',1610,,136,22,,,0
5019,'1280538',810,,137,22,,,0
5019,'1280597',910,,138,22,,,0
5019,'1280704',1310,,139,22,,,0
5019,'1280767',840,,140,22,,,0
5019,'1280939',610,,141,22,,,0
5019,'1281159',1710,,142,22,,,0
5019,'1281496',1140,,143,22,,,0
5019,'1281614',1540,,144,22,,,0
5019,'1281867',1910,,145,22,,,0
5019,'1281892',2140,,146,22,,,0
5019,'1281918',1010,,147,22,,,0
5019,'1281954',1810,,148,22,,,0
5019,'1282080',2040,,149,22,,,0
5019,'1282121',1840,,150,22,,,0
5019,'1282311',1210,,151,22,,,0
5019,'1282695',710,,152,22,,,0
5019,'1282785',640,,153,22,,,0
5019,'1282876',1440,,154,22,,,0
5019,'1283012',1510,,155,22,,,0
5019,'1283201',1740,,156,22,,,0
5019,'1283397',1410,,157,22,,,0
5019,'1283530',740,,158,22,,,0
5019,'1283849',1340,,159,22,,,0
5019,'1284100',1040,,160,22,,,0
8019,'1282156',745,,225,23,,,0
8019,'1309753',807,,226,22,,,0
