4019,'1279123',1442,,97,20,,,0
4019,'1279171',712,,98,20,,,0
4019,'1279191',912,,99,20,,,0
4019,'1279351',2042,,100,20,,,0
4019,'1279362',1842,,101,20,,,0
4019,'1279469',1342,,102,20,,,0
4019,'1279906',2012,,103,20,,,0
4019,'1280189',742,,104,20,,,0
4019,'1280192',1042,,105,20,,,0
4019,'1280293',842,,106,20,,,0
4019,'1280507',1942,,107,20,,,0
4019,'1280838',1712,,108,20,,,0
4019,'1280921',1212,,109,20,,,0
4019,'1281220',612,,110,20,,,0
4019,'1281330',1612,,111,20,,,0
4019,'1281387',2142,,112,20,,,0
4019,'1281529',1012,,113,20,,,0
4019,'1281609',812,,114,20,,,0
4019,'1281636',1912,,115,20,,,0
4019,'1281937',1312,,116,20,,,0
4019,'1282104',1512,,117,20,,,0
4019,'1282143',1742,,118,20,,,0
4019,'1282256',942,,119,20,,,0
4019,'1282401',1812,,120,20,,,0
4019,'1282483',1142,,121,20,,,0
4019,'1282867',1112,,122,20,,,0
4019,'1282877',1542,,123,20,,,0
4019,'1283160',1242,,124,20,,,0
4019,'1283459',642,,125,20,,,0
4019,'1283542',1642,,126,20,,,0
4019,'1283577',1412,,127,20,,,0
4019,'1283657',2112,,128,20,,,0
10019,'1280418',739,,228,16,,,0
