7019,'1400344',1744,,193,24,,,0
7019,'1400361',814,,194,24,,,0
7019,'1400396',614,,195,24,,,0
7019,'1400410',1144,,196,24,,,0
7019,'1400427',644,,197,24,,,0
7019,'1400428',1214,,198,24,,,0
7019,'1400533',2014,,199,24,,,0
7019,'1400589',1914,,200,24,,,0
7019,'1400639',844,,201,24,,,0
7019,'1400662',1614,,202,24,,,0
7019,'1400683',944,,203,24,,,0
7019,'1400688',1814,,204,24,,,0
7019,'1400738',1114,,205,24,,,0
7019,'1400743',914,,206,24,,,0
7019,'1400763',1514,,207,24,,,0
7019,'1400766',2114,,208,24,,,0
7019,'1400797',1844,,209,24,,,0
7019,'1400808',1344,,210,24,,,0
7019,'1400818',1944,,211,24,,,0
7019,'1400821',1714,,212,24,,,0
7019,'1400822',1014,,213,24,,,0
7019,'1400845',2144,,214,24,,,0
7019,'1400859',714,,215,24,,,0
7019,'1400866',1644,,216,24,,,0
7019,'1400880',1414,,217,24,,,0
7019,'1400906',744,,218,24,,,0
7019,'1400929',1544,,219,24,,,0
7019,'1400945',2044,,220,24,,,0
7019,'1400947',1444,,221,24,,,0
7019,'1400962',1044,,222,24,,,0
7019,'1400973',1244,,223,24,,,0
7019,'1400992',1314,,224,24,,,0
