5019,'1279336',2102,,129,5,,,0
5019,'1279360',1632,,130,5,,,0
5019,'1279724',1232,,131,5,,,0
5019,'1279909',1102,,132,5,,,0
5019,'1279968',932,,133,5,,,0
5019,'1280159',1932,,134,5,,,0
5019,'1280196',2002,,135,5,,,0
5019,'1280528',1602,,136,5,,,0
5019,'1280538',802,,137,5,,,0
5019,'1280597',902,,138,5,,,0
5019,'1280704',1302,,139,5,,,0
5019,'1280767',832,,140,5,,,0
5019,'1280939',602,,141,5,,,0
5019,'1281159',1702,,142,5,,,0
5019,'1281496',1132,,143,5,,,0
5019,'1281614',1532,,144,5,,,0
5019,'1281867',1902,,145,5,,,0
5019,'1281892',2132,,146,5,,,0
5019,'1281918',1002,,147,5,,,0
5019,'1281954',1802,,148,5,,,0
5019,'1282080',2032,,149,5,,,0
5019,'1282121',1832,,150,5,,,0
5019,'1282311',1202,,151,5,,,0
5019,'1282695',702,,152,5,,,0
5019,'1282785',632,,153,5,,,0
5019,'1282876',1432,,154,5,,,0
5019,'1283012',1502,,155,5,,,0
5019,'1283201',1732,,156,5,,,0
5019,'1283397',1402,,157,5,,,0
5019,'1283530',732,,158,5,,,0
5019,'1283849',1332,,159,5,,,0
5019,'1284100',1032,,160,5,,,0
8019,'1309753',800,,226,5,,,0
