3019,'1297024',1539,,65,15,,,0
3019,'1297026',709,,66,15,,,0
3019,'1297027',939,,67,15,,,0
3019,'1297030',1809,,68,15,,,0
3019,'1297031',1839,,69,15,,,0
3019,'1297034',1639,,70,15,,,0
3019,'1297036',639,,71,15,,,0
3019,'1297037',1609,,72,15,,,0
3019,'1297039',1009,,73,15,,,0
3019,'1297041',839,,74,15,,,0
3019,'1297043',1939,,75,15,,,0
3019,'1297046',1039,,76,15,,,0
3019,'1297047',2039,,77,15,,,0
3019,'1297048',739,,78,15,,,0
3019,'1297049',809,,79,15,,,0
3019,'1297050',1409,,80,15,,,0
3019,'1297051',1439,,81,15,,,0
3019,'1297053',1139,,82,15,,,0
3019,'1297057',1109,,83,15,,,0
3019,'1297058',1209,,84,15,,,0
3019,'1297059',609,,85,15,,,0
3019,'1297061',1509,,86,15,,,0
3019,'1297062',2139,,87,15,,,0
3019,'1297064',2109,,88,15,,,0
3019,'1297065',909,,89,15,,,0
3019,'1297069',1909,,90,15,,,0
3019,'1297073',1309,,91,15,,,0
3019,'1297078',1739,,92,15,,,0
3019,'1297079',2009,,93,15,,,0
3019,'1297080',1339,,94,15,,,0
3019,'1297082',1239,,95,15,,,0
3019,'1297083',1709,,96,15,,,0
