7019,'1400344',1742,,193,19,,,0
7019,'1400361',812,,194,19,,,0
7019,'1400396',612,,195,19,,,0
7019,'1400410',1142,,196,19,,,0
7019,'1400427',642,,197,19,,,0
7019,'1400428',1212,,198,19,,,0
7019,'1400533',2012,,199,19,,,0
7019,'1400589',1912,,200,19,,,0
7019,'1400639',842,,201,19,,,0
7019,'1400662',1612,,202,19,,,0
7019,'1400683',942,,203,19,,,0
7019,'1400688',1812,,204,19,,,0
7019,'1400738',1112,,205,19,,,0
7019,'1400743',912,,206,19,,,0
7019,'1400763',1512,,207,19,,,0
7019,'1400766',2112,,208,19,,,0
7019,'1400797',1842,,209,19,,,0
7019,'1400808',1342,,210,19,,,0
7019,'1400818',1942,,211,19,,,0
7019,'1400821',1712,,212,19,,,0
7019,'1400822',1012,,213,19,,,0
7019,'1400845',2142,,214,19,,,0
7019,'1400859',712,,215,19,,,0
7019,'1400866',1642,,216,19,,,0
7019,'1400880',1412,,217,19,,,0
7019,'1400906',742,,218,19,,,0
7019,'1400929',1542,,219,19,,,0
7019,'1400945',2042,,220,19,,,0
7019,'1400947',1442,,221,19,,,0
7019,'1400962',1042,,222,19,,,0
7019,'1400973',1242,,223,19,,,0
7019,'1400992',1312,,224,19,,,0
