7019,'1400344',1748,,193,30,,,0
7019,'1400361',818,,194,30,,,0
7019,'1400396',618,,195,30,,,0
7019,'1400410',1148,,196,30,,,0
7019,'1400427',648,,197,30,,,0
7019,'1400428',1218,,198,30,,,0
7019,'1400533',2018,,199,30,,,0
7019,'1400589',1918,,200,30,,,0
7019,'1400639',848,,201,30,,,0
7019,'1400662',1618,,202,30,,,0
7019,'1400683',948,,203,30,,,0
7019,'1400688',1818,,204,30,,,0
7019,'1400738',1118,,205,30,,,0
7019,'1400743',918,,206,30,,,0
7019,'1400763',1518,,207,30,,,0
7019,'1400766',2118,,208,30,,,0
7019,'1400797',1848,,209,30,,,0
7019,'1400808',1348,,210,30,,,0
7019,'1400818',1948,,211,30,,,0
7019,'1400821',1718,,212,30,,,0
7019,'1400822',1018,,213,30,,,0
7019,'1400845',2148,,214,30,,,0
7019,'1400859',718,,215,30,,,0
7019,'1400866',1648,,216,30,,,0
7019,'1400880',1418,,217,30,,,0
7019,'1400906',748,,218,30,,,0
7019,'1400929',1548,,219,30,,,0
7019,'1400945',2048,,220,30,,,0
7019,'1400947',1448,,221,30,,,0
7019,'1400962',1048,,222,30,,,0
7019,'1400973',1248,,223,30,,,0
7019,'1400992',1318,,224,30,,,0
