1019,'1463114',1501,,1,2,,,0
1019,'1463124',1801,,2,2,,,0
1019,'1463129',731,,3,2,,,0
1019,'1463141',1331,,4,2,,,0
1019,'1463166',1101,,5,2,,,0
1019,'1463175',1031,,6,2,,,0
1019,'1463193',1531,,7,2,,,0
1019,'1463219',1901,,8,2,,,0
1019,'1463224',1401,,9,2,,,0
1019,'1463236',1431,,10,2,,,0
1019,'1463263',1831,,11,2,,,0
1019,'1463272',1701,,12,2,,,0
1019,'1463293',2101,,13,2,,,0
1019,'1463297',1201,,14,2,,,0
1019,'1463310',1131,,15,2,,,0
1019,'1463321',831,,16,2,,,0
1019,'1463333',1231,,17,2,,,0
1019,'1463355',601,,18,2,,,0
1019,'1463379',1601,,19,2,,,0
1019,'1463398',2031,,20,2,,,0
1019,'1463405',1631,,21,2,,,0
1019,'1463416',1301,,22,2,,,0
1019,'1463417',801,,23,2,,,0
1019,'1463455',2001,,24,2,,,0
1019,'1463456',1001,,25,2,,,0
1019,'1463466',2131,,26,2,,,0
1019,'1463493',1931,,27,2,,,0
1019,'1463502',631,,28,2,,,0
1019,'1463503',931,,29,2,,,0
1019,'1463511',1731,,30,2,,,0
1019,'1463515',701,,31,2,,,0
1019,'1463529',901,,32,2,,,0
3019,'1497228',600,,248,2,,,0
3019,'1497229',630,,249,2,,,0
3019,'1497230',700,,250,2,,,0
3019,'1497231',730,,251,2,,,0
3019,'1497232',800,,252,2,,,0
3019,'1497233',830,,253,2,,,0
3019,'1497234',900,,254,2,,,0
3019,'1497235',930,,255,2,,,0
3019,'1497236',1000,,256,2,,,0
3019,'1497237',1030,,257,2,,,0
3019,'1497238',1100,,258,2,,,0
3019,'1497239',1130,,259,2,,,0
3019,'1497240',1200,,260,2,,,0
3019,'1497241',1230,,261,2,,,0
3019,'1497242',1300,,262,2,,,0
3019,'1497243',1330,,263,2,,,0
3019,'1497244',1400,,264,2,,,0
3019,'1497245',1430,,265,2,,,0
3019,'1497246',1500,,266,2,,,0
3019,'1497247',1530,,267,2,,,0
3019,'1497248',1600,,268,2,,,0
3019,'1497249',1630,,269,2,,,0
3019,'1497250',1700,,270,2,,,0
3019,'1497251',1730,,271,2,,,0
3019,'1497252',1800,,272,2,,,0
3019,'1497253',1830,,273,2,,,0
3019,'1497254',1900,,274,2,,,0
3019,'1497255',1930,,275,2,,,0
3019,'1497256',2000,,276,2,,,0
3019,'1497257',2030,,277,2,,,0
3019,'1497258',2100,,278,2,,,0
3019,'1497259',2130,,279,2,,,0
