1019,'1463114',1524,,1,36,,,0
1019,'1463124',1824,,2,36,,,0
1019,'1463129',754,,3,36,,,0
1019,'1463141',1354,,4,36,,,0
1019,'1463166',1124,,5,36,,,0
1019,'1463175',1054,,6,36,,,0
1019,'1463193',1554,,7,36,,,0
1019,'1463219',1924,,8,36,,,0
1019,'1463224',1424,,9,36,,,0
1019,'1463236',1454,,10,36,,,0
1019,'1463263',1854,,11,36,,,0
1019,'1463272',1724,,12,36,,,0
1019,'1463293',2124,,13,36,,,0
1019,'1463297',1224,,14,36,,,0
1019,'1463310',1154,,15,36,,,0
1019,'1463321',854,,16,36,,,0
1019,'1463333',1254,,17,36,,,0
1019,'1463355',624,,18,36,,,0
1019,'1463379',1624,,19,36,,,0
1019,'1463398',2054,,20,36,,,0
1019,'1463405',1654,,21,36,,,0
1019,'1463416',1324,,22,36,,,0
1019,'1463417',824,,23,36,,,0
1019,'1463455',2024,,24,36,,,0
1019,'1463456',1024,,25,36,,,0
1019,'1463466',2154,,26,36,,,0
1019,'1463493',1954,,27,36,,,0
1019,'1463502',654,,28,36,,,0
1019,'1463503',954,,29,36,,,0
1019,'1463511',1754,,30,36,,,0
1019,'1463515',724,,31,36,,,0
1019,'1463529',924,,32,36,,,0
