1019,'1463114',1519,,1,30,,,0
1019,'1463124',1819,,2,30,,,0
1019,'1463129',749,,3,30,,,0
1019,'1463141',1349,,4,30,,,0
1019,'1463166',1119,,5,30,,,0
1019,'1463175',1049,,6,30,,,0
1019,'1463193',1549,,7,30,,,0
1019,'1463219',1919,,8,30,,,0
1019,'1463224',1419,,9,30,,,0
1019,'1463236',1449,,10,30,,,0
1019,'1463263',1849,,11,30,,,0
1019,'1463272',1719,,12,30,,,0
1019,'1463293',2119,,13,30,,,0
1019,'1463297',1219,,14,30,,,0
1019,'1463310',1149,,15,30,,,0
1019,'1463321',849,,16,30,,,0
1019,'1463333',1249,,17,30,,,0
1019,'1463355',619,,18,30,,,0
1019,'1463379',1619,,19,30,,,0
1019,'1463398',2049,,20,30,,,0
1019,'1463405',1649,,21,30,,,0
1019,'1463416',1319,,22,30,,,0
1019,'1463417',819,,23,30,,,0
1019,'1463455',2019,,24,30,,,0
1019,'1463456',1019,,25,30,,,0
1019,'1463466',2149,,26,30,,,0
1019,'1463493',1949,,27,30,,,0
1019,'1463502',649,,28,30,,,0
1019,'1463503',949,,29,30,,,0
1019,'1463511',1749,,30,30,,,0
1019,'1463515',719,,31,30,,,0
1019,'1463529',919,,32,30,,,0
