2019,'1475659',624,,33,36,,,0
2019,'1475660',654,,34,36,,,0
2019,'1475661',724,,35,36,,,0
2019,'1475662',754,,36,36,,,0
2019,'1475663',824,,37,36,,,0
2019,'1475664',854,,38,36,,,0
2019,'1475665',924,,39,36,,,0
2019,'1475666',954,,40,36,,,0
2019,'1475667',1024,,41,36,,,0
2019,'1475668',1054,,42,36,,,0
2019,'1475669',1124,,43,36,,,0
2019,'1475670',1154,,44,36,,,0
2019,'1475671',1224,,45,36,,,0
2019,'1475672',1254,,46,36,,,0
2019,'1475673',1324,,47,36,,,0
2019,'1475674',1354,,48,36,,,0
2019,'1475675',1424,,49,36,,,0
2019,'1475676',1454,,50,36,,,0
2019,'1475677',1524,,51,36,,,0
2019,'1475678',1554,,52,36,,,0
2019,'1475679',1624,,53,36,,,0
2019,'1475680',1654,,54,36,,,0
2019,'1475681',1724,,55,36,,,0
2019,'1475682',1754,,56,36,,,0
2019,'1475683',1824,,57,36,,,0
2019,'1475684',1854,,58,36,,,0
2019,'1475685',1924,,59,36,,,0
2019,'1475686',1954,,60,36,,,0
2019,'1475687',2024,,61,36,,,0
2019,'1475688',2054,,62,36,,,0
2019,'1475689',2124,,63,36,,,0
2019,'1475690',2154,,64,36,,,0
8019,'1282156',749,,225,29,,,0
