4019,'1279123',1440,,97,16,,,0
4019,'1279171',710,,98,16,,,0
4019,'1279191',910,,99,16,,,0
4019,'1279351',2040,,100,16,,,0
4019,'1279362',1840,,101,16,,,0
4019,'1279469',1340,,102,16,,,0
4019,'1279906',2010,,103,16,,,0
4019,'1280189',740,,104,16,,,0
4019,'1280192',1040,,105,16,,,0
4019,'1280293',840,,106,16,,,0
4019,'1280507',1940,,107,16,,,0
4019,'1280838',1710,,108,16,,,0
4019,'1280921',1210,,109,16,,,0
4019,'1281220',610,,110,16,,,0
4019,'1281330',1610,,111,16,,,0
4019,'1281387',2140,,112,16,,,0
4019,'1281529',1010,,113,16,,,0
4019,'1281609',810,,114,16,,,0
4019,'1281636',1910,,115,16,,,0
4019,'1281937',1310,,116,16,,,0
4019,'1282104',1510,,117,16,,,0
4019,'1282143',1740,,118,16,,,0
4019,'1282256',940,,119,16,,,0
4019,'1282401',1810,,120,16,,,0
4019,'1282483',1140,,121,16,,,0
4019,'1282867',1110,,122,16,,,0
4019,'1282877',1540,,123,16,,,0
4019,'1283160',1240,,124,16,,,0
4019,'1283459',640,,125,16,,,0
4019,'1283542',1640,,126,16,,,0
4019,'1283577',1410,,127,16,,,0
4019,'1283657',2110,,128,16,,,0
10019,'1280418',737,,228,12,,,0
