5019,'1279336',2108,,129,17,,,0
5019,'1279360',1638,,130,17,,,0
5019,'1279724',1238,,131,17,,,0
5019,'1279909',1108,,132,17,,,0
5019,'1279968',938,,133,17,,,0
5019,'1280159',1938,,134,17,,,0
5019,'1280196',2008,,135,17,,,0
5019,'1280528',1608,,136,17,,,0
5019,'1280538',808,,137,17,,,0
5019,'1280597',908,,138,17,,,0
5019,'1280704',1308,,139,17,,,0
5019,'1280767',838,,140,17,,,0
5019,'1280939',608,,141,17,,,0
5019,'1281159',1708,,142,17,,,0
5019,'1281496',1138,,143,17,,,0
5019,'1281614',1538,,144,17,,,0
5019,'1281867',1908,,145,17,,,0
5019,'1281892',2138,,146,17,,,0
5019,'1281918',1008,,147,17,,,0
5019,'1281954',1808,,148,17,,,0
5019,'1282080',2038,,149,17,,,0
5019,'1282121',1838,,150,17,,,0
5019,'1282311',1208,,151,17,,,0
5019,'1282695',708,,152,17,,,0
5019,'1282785',638,,153,17,,,0
5019,'1282876',1438,,154,17,,,0
5019,'1283012',1508,,155,17,,,0
5019,'1283201',1738,,156,17,,,0
5019,'1283397',1408,,157,17,,,0
5019,'1283530',738,,158,17,,,0
5019,'1283849',1338,,159,17,,,0
5019,'1284100',1038,,160,17,,,0
8019,'1282156',743,,225,18,,,0
8019,'1309753',805,,226,17,,,0
