6019,'1412378',2024,,161,45,,,0
6019,'1412574',2153,,162,45,,,0
6019,'1412586',1124,,163,45,,,0
6019,'1412633',1924,,164,45,,,0
6019,'1412654',1954,,165,45,,,0
6019,'1412663',1454,,166,45,,,0
6019,'1412719',954,,167,45,,,0
6019,'1412861',854,,168,45,,,0
6019,'1412867',724,,169,45,,,0
6019,'1412927',1724,,170,45,,,0
6019,'1413018',1154,,171,45,,,0
6019,'1413058',1324,,172,45,,,0
6019,'1413074',624,,173,45,,,0
6019,'1413172',1354,,174,45,,,0
6019,'1413173',2054,,175,45,,,0
6019,'1413188',2124,,176,45,,,0
6019,'1413228',1424,,177,45,,,0
6019,'1413263',1024,,178,45,,,0
6019,'1413307',654,,179,45,,,0
6019,'1413432',1824,,180,45,,,0
6019,'1413444',754,,181,45,,,0
6019,'1413514',1854,,182,45,,,0
6019,'1413572',1054,,183,45,,,0
6019,'1413697',1224,,184,45,,,0
6019,'1413715',924,,185,45,,,0
6019,'1413733',1554,,186,45,,,0
6019,'1413791',1654,,187,45,,,0
6019,'1413807',824,,188,45,,,0
6019,'1413860',1254,,189,45,,,0
6019,'1413872',1524,,190,45,,,0
6019,'1413914',1624,,191,45,,,0
6019,'1413976',1754,,192,45,,,0
10029,'1309124',822,,229,40,,,0
