2019,'1475659',601,,33,3,,,0
2019,'1475660',631,,34,3,,,0
2019,'1475661',701,,35,3,,,0
2019,'1475662',731,,36,3,,,0
2019,'1475663',801,,37,3,,,0
2019,'1475664',831,,38,3,,,0
2019,'1475665',901,,39,3,,,0
2019,'1475666',931,,40,3,,,0
2019,'1475667',1001,,41,3,,,0
2019,'1475668',1031,,42,3,,,0
2019,'1475669',1101,,43,3,,,0
2019,'1475670',1131,,44,3,,,0
2019,'1475671',1201,,45,3,,,0
2019,'1475672',1231,,46,3,,,0
2019,'1475673',1301,,47,3,,,0
2019,'1475674',1331,,48,3,,,0
2019,'1475675',1401,,49,3,,,0
2019,'1475676',1431,,50,3,,,0
2019,'1475677',1501,,51,3,,,0
2019,'1475678',1531,,52,3,,,0
2019,'1475679',1601,,53,3,,,0
2019,'1475680',1631,,54,3,,,0
2019,'1475681',1701,,55,3,,,0
2019,'1475682',1731,,56,3,,,0
2019,'1475683',1801,,57,3,,,0
2019,'1475684',1831,,58,3,,,0
2019,'1475685',1901,,59,3,,,0
2019,'1475686',1931,,60,3,,,0
2019,'1475687',2001,,61,3,,,0
2019,'1475688',2031,,62,3,,,0
2019,'1475689',2101,,63,3,,,0
2019,'1475690',2131,,64,3,,,0
8019,'1282156',729,,225,3,,,0
