6019,'1412378',2002,,161,4,,,0
6019,'1412574',2132,,162,4,,,0
6019,'1412586',1102,,163,4,,,0
6019,'1412633',1902,,164,4,,,0
6019,'1412654',1932,,165,4,,,0
6019,'1412663',1432,,166,4,,,0
6019,'1412719',932,,167,4,,,0
6019,'1412861',832,,168,4,,,0
6019,'1412867',702,,169,4,,,0
6019,'1412927',1702,,170,4,,,0
6019,'1413018',1132,,171,4,,,0
6019,'1413058',1302,,172,4,,,0
6019,'1413074',602,,173,4,,,0
6019,'1413172',1332,,174,4,,,0
6019,'1413173',2032,,175,4,,,0
6019,'1413188',2102,,176,4,,,0
6019,'1413228',1402,,177,4,,,0
6019,'1413263',1002,,178,4,,,0
6019,'1413307',632,,179,4,,,0
6019,'1413432',1802,,180,4,,,0
6019,'1413444',732,,181,4,,,0
6019,'1413514',1832,,182,4,,,0
6019,'1413572',1032,,183,4,,,0
6019,'1413697',1202,,184,4,,,0
6019,'1413715',902,,185,4,,,0
6019,'1413733',1532,,186,4,,,0
6019,'1413791',1632,,187,4,,,0
6019,'1413807',802,,188,4,,,0
6019,'1413860',1232,,189,4,,,0
6019,'1413872',1502,,190,4,,,0
6019,'1413914',1602,,191,4,,,0
6019,'1413976',1732,,192,4,,,0
10029,'1309124',800,,229,4,,,0
