4019,'1279123',1434,,97,6,,,0
4019,'1279171',704,,98,6,,,0
4019,'1279191',904,,99,6,,,0
4019,'1279351',2034,,100,6,,,0
4019,'1279362',1834,,101,6,,,0
4019,'1279469',1334,,102,6,,,0
4019,'1279906',2004,,103,6,,,0
4019,'1280189',734,,104,6,,,0
4019,'1280192',1034,,105,6,,,0
4019,'1280293',834,,106,6,,,0
4019,'1280507',1934,,107,6,,,0
4019,'1280838',1704,,108,6,,,0
4019,'1280921',1204,,109,6,,,0
4019,'1281220',604,,110,6,,,0
4019,'1281330',1604,,111,6,,,0
4019,'1281387',2134,,112,6,,,0
4019,'1281529',1004,,113,6,,,0
4019,'1281609',804,,114,6,,,0
4019,'1281636',1904,,115,6,,,0
4019,'1281937',1304,,116,6,,,0
4019,'1282104',1504,,117,6,,,0
4019,'1282143',1734,,118,6,,,0
4019,'1282256',934,,119,6,,,0
4019,'1282401',1804,,120,6,,,0
4019,'1282483',1134,,121,6,,,0
4019,'1282867',1104,,122,6,,,0
4019,'1282877',1534,,123,6,,,0
4019,'1283160',1234,,124,6,,,0
4019,'1283459',634,,125,6,,,0
4019,'1283542',1634,,126,6,,,0
4019,'1283577',1404,,127,6,,,0
4019,'1283657',2104,,128,6,,,0
10019,'1280418',731,,228,6,,,0
