3019,'1497228',620,,248,35,,,0
3019,'1497229',651,,249,35,,,0
3019,'1497230',720,,250,35,,,0
3019,'1497231',750,,251,35,,,0
3019,'1497232',820,,252,35,,,0
3019,'1497233',850,,253,35,,,0
3019,'1497234',920,,254,35,,,0
3019,'1497235',950,,255,35,,,0
3019,'1497236',1020,,256,35,,,0
3019,'1497237',1050,,257,35,,,0
3019,'1497238',1120,,258,35,,,0
3019,'1497239',1150,,259,35,,,0
3019,'1497240',1220,,260,35,,,0
3019,'1497241',1250,,261,35,,,0
3019,'1497242',1320,,262,35,,,0
3019,'1497243',1350,,263,35,,,0
3019,'1497244',1420,,264,35,,,0
3019,'1497245',1450,,265,35,,,0
3019,'1497246',1520,,266,35,,,0
3019,'1497247',1550,,267,35,,,0
3019,'1497248',1620,,268,35,,,0
3019,'1497249',1650,,269,35,,,0
3019,'1497250',1720,,270,35,,,0
3019,'1497251',1750,,271,35,,,0
3019,'1497252',1820,,272,35,,,0
3019,'1497253',1850,,273,35,,,0
3019,'1497254',1920,,274,35,,,0
3019,'1497255',1950,,275,35,,,0
3019,'1497256',2020,,276,35,,,0
3019,'1497257',2050,,277,35,,,0
3019,'1497258',2120,,278,35,,,0
3019,'1497259',2150,,279,35,,,0
