1019,'1463114',1515,,1,25,,,0
1019,'1463124',1815,,2,25,,,0
1019,'1463129',745,,3,25,,,0
1019,'1463141',1345,,4,25,,,0
1019,'1463166',1115,,5,25,,,0
1019,'1463175',1045,,6,25,,,0
1019,'1463193',1545,,7,25,,,0
1019,'1463219',1915,,8,25,,,0
1019,'1463224',1415,,9,25,,,0
1019,'1463236',1445,,10,25,,,0
1019,'1463263',1845,,11,25,,,0
1019,'1463272',1715,,12,25,,,0
1019,'1463293',2115,,13,25,,,0
1019,'1463297',1215,,14,25,,,0
1019,'1463310',1145,,15,25,,,0
1019,'1463321',845,,16,25,,,0
1019,'1463333',1245,,17,25,,,0
1019,'1463355',615,,18,25,,,0
1019,'1463379',1615,,19,25,,,0
1019,'1463398',2045,,20,25,,,0
1019,'1463405',1645,,21,25,,,0
1019,'1463416',1315,,22,25,,,0
1019,'1463417',815,,23,25,,,0
1019,'1463455',2015,,24,25,,,0
1019,'1463456',1015,,25,25,,,0
1019,'1463466',2145,,26,25,,,0
1019,'1463493',1945,,27,25,,,0
1019,'1463502',645,,28,25,,,0
1019,'1463503',945,,29,25,,,0
1019,'1463511',1745,,30,25,,,0
1019,'1463515',715,,31,25,,,0
1019,'1463529',915,,32,25,,,0
