7019,'1400344',1740,,193,15,,,0
7019,'1400361',810,,194,15,,,0
7019,'1400396',610,,195,15,,,0
7019,'1400410',1140,,196,15,,,0
7019,'1400427',640,,197,15,,,0
7019,'1400428',1210,,198,15,,,0
7019,'1400533',2010,,199,15,,,0
7019,'1400589',1910,,200,15,,,0
7019,'1400639',840,,201,15,,,0
7019,'1400662',1610,,202,15,,,0
7019,'1400683',940,,203,15,,,0
7019,'1400688',1810,,204,15,,,0
7019,'1400738',1110,,205,15,,,0
7019,'1400743',910,,206,15,,,0
7019,'1400763',1510,,207,15,,,0
7019,'1400766',2110,,208,15,,,0
7019,'1400797',1840,,209,15,,,0
7019,'1400808',1340,,210,15,,,0
7019,'1400818',1940,,211,15,,,0
7019,'1400821',1710,,212,15,,,0
7019,'1400822',1010,,213,15,,,0
7019,'1400845',2140,,214,15,,,0
7019,'1400859',710,,215,15,,,0
7019,'1400866',1640,,216,15,,,0
7019,'1400880',1410,,217,15,,,0
7019,'1400906',740,,218,15,,,0
7019,'1400929',1540,,219,15,,,0
7019,'1400945',2040,,220,15,,,0
7019,'1400947',1440,,221,15,,,0
7019,'1400962',1040,,222,15,,,0
7019,'1400973',1240,,223,15,,,0
7019,'1400992',1310,,224,15,,,0
