4019,'1279123',1437,,97,11,,,0
4019,'1279171',707,,98,11,,,0
4019,'1279191',907,,99,11,,,0
4019,'1279351',2037,,100,11,,,0
4019,'1279362',1837,,101,11,,,0
4019,'1279469',1337,,102,11,,,0
4019,'1279906',2007,,103,11,,,0
4019,'1280189',737,,104,11,,,0
4019,'1280192',1037,,105,11,,,0
4019,'1280293',837,,106,11,,,0
4019,'1280507',1937,,107,11,,,0
4019,'1280838',1707,,108,11,,,0
4019,'1280921',1207,,109,11,,,0
4019,'1281220',607,,110,11,,,0
4019,'1281330',1607,,111,11,,,0
4019,'1281387',2137,,112,11,,,0
4019,'1281529',1007,,113,11,,,0
4019,'1281609',807,,114,11,,,0
4019,'1281636',1907,,115,11,,,0
4019,'1281937',1307,,116,11,,,0
4019,'1282104',1507,,117,11,,,0
4019,'1282143',1737,,118,11,,,0
4019,'1282256',937,,119,11,,,0
4019,'1282401',1807,,120,11,,,0
4019,'1282483',1137,,121,11,,,0
4019,'1282867',1107,,122,11,,,0
4019,'1282877',1537,,123,11,,,0
4019,'1283160',1237,,124,11,,,0
4019,'1283459',637,,125,11,,,0
4019,'1283542',1637,,126,11,,,0
4019,'1283577',1407,,127,11,,,0
4019,'1283657',2107,,128,11,,,0
