2019,'1475659',617,,33,25,,,0
2019,'1475660',647,,34,25,,,0
2019,'1475661',717,,35,25,,,0
2019,'1475662',747,,36,25,,,0
2019,'1475663',817,,37,25,,,0
2019,'1475664',847,,38,25,,,0
2019,'1475665',917,,39,25,,,0
2019,'1475666',947,,40,25,,,0
2019,'1475667',1017,,41,25,,,0
2019,'1475668',1047,,42,25,,,0
2019,'1475669',1117,,43,25,,,0
2019,'1475670',1147,,44,25,,,0
2019,'1475671',1217,,45,25,,,0
2019,'1475672',1247,,46,25,,,0
2019,'1475673',1317,,47,25,,,0
2019,'1475674',1347,,48,25,,,0
2019,'1475675',1417,,49,25,,,0
2019,'1475676',1447,,50,25,,,0
2019,'1475677',1517,,51,25,,,0
2019,'1475678',1547,,52,25,,,0
2019,'1475679',1617,,53,25,,,0
2019,'1475680',1647,,54,25,,,0
2019,'1475681',1717,,55,25,,,0
2019,'1475682',1747,,56,25,,,0
2019,'1475683',1817,,57,25,,,0
2019,'1475684',1847,,58,25,,,0
2019,'1475685',1917,,59,25,,,0
2019,'1475686',1947,,60,25,,,0
2019,'1475687',2017,,61,25,,,0
2019,'1475688',2047,,62,25,,,0
2019,'1475689',2117,,63,25,,,0
2019,'1475690',2147,,64,25,,,0
8019,'1282156',742,,225,16,,,0
