4019,'1279123',1450,,97,32,,,0
4019,'1279171',720,,98,32,,,0
4019,'1279191',920,,99,32,,,0
4019,'1279351',2050,,100,32,,,0
4019,'1279362',1850,,101,32,,,0
4019,'1279469',1350,,102,32,,,0
4019,'1279906',2020,,103,32,,,0
4019,'1280189',750,,104,32,,,0
4019,'1280192',1050,,105,32,,,0
4019,'1280293',850,,106,32,,,0
4019,'1280507',1950,,107,32,,,0
4019,'1280838',1720,,108,32,,,0
4019,'1280921',1220,,109,32,,,0
4019,'1281220',620,,110,32,,,0
4019,'1281330',1620,,111,32,,,0
4019,'1281387',2150,,112,32,,,0
4019,'1281529',1020,,113,32,,,0
4019,'1281609',820,,114,32,,,0
4019,'1281636',1920,,115,32,,,0
4019,'1281937',1320,,116,32,,,0
4019,'1282104',1520,,117,32,,,0
4019,'1282143',1750,,118,32,,,0
4019,'1282256',950,,119,32,,,0
4019,'1282401',1820,,120,32,,,0
4019,'1282483',1150,,121,32,,,0
4019,'1282867',1120,,122,32,,,0
4019,'1282877',1550,,123,32,,,0
4019,'1283160',1250,,124,32,,,0
4019,'1283459',650,,125,32,,,0
4019,'1283542',1650,,126,32,,,0
4019,'1283577',1420,,127,32,,,0
4019,'1283657',2120,,128,32,,,0
10019,'1280418',747,,228,28,,,0
