5019,'1279336',2112,,129,26,,,0
5019,'1279360',1642,,130,26,,,0
5019,'1279724',1242,,131,26,,,0
5019,'1279909',1112,,132,26,,,0
5019,'1279968',942,,133,26,,,0
5019,'1280159',1942,,134,26,,,0
5019,'1280196',2012,,135,26,,,0
5019,'1280528',1612,,136,26,,,0
5019,'1280538',812,,137,26,,,0
5019,'1280597',912,,138,26,,,0
5019,'1280704',1312,,139,26,,,0
5019,'1280767',842,,140,26,,,0
5019,'1280939',612,,141,26,,,0
5019,'1281159',1712,,142,26,,,0
5019,'1281496',1142,,143,26,,,0
5019,'1281614',1542,,144,26,,,0
5019,'1281867',1912,,145,26,,,0
5019,'1281892',2142,,146,26,,,0
5019,'1281918',1012,,147,26,,,0
5019,'1281954',1812,,148,26,,,0
5019,'1282080',2042,,149,26,,,0
5019,'1282121',1842,,150,26,,,0
5019,'1282311',1212,,151,26,,,0
5019,'1282695',712,,152,26,,,0
5019,'1282785',642,,153,26,,,0
5019,'1282876',1442,,154,26,,,0
5019,'1283012',1512,,155,26,,,0
5019,'1283201',1742,,156,26,,,0
5019,'1283397',1412,,157,26,,,0
5019,'1283530',742,,158,26,,,0
5019,'1283849',1342,,159,26,,,0
5019,'1284100',1042,,160,26,,,0
8019,'1309753',809,,226,26,,,0
