7019,'1400344',1755,,193,38,,,0
7019,'1400361',825,,194,38,,,0
7019,'1400396',625,,195,38,,,0
7019,'1400410',1155,,196,38,,,0
7019,'1400427',655,,197,38,,,0
7019,'1400428',1225,,198,38,,,0
7019,'1400533',2025,,199,38,,,0
7019,'1400589',1925,,200,38,,,0
7019,'1400639',855,,201,38,,,0
7019,'1400662',1625,,202,38,,,0
7019,'1400683',955,,203,38,,,0
7019,'1400688',1825,,204,38,,,0
7019,'1400738',1125,,205,38,,,0
7019,'1400743',925,,206,38,,,0
7019,'1400763',1525,,207,38,,,0
7019,'1400766',2125,,208,38,,,0
7019,'1400797',1855,,209,38,,,0
7019,'1400808',1355,,210,38,,,0
7019,'1400818',1955,,211,38,,,0
7019,'1400821',1725,,212,38,,,0
7019,'1400822',1025,,213,38,,,0
7019,'1400845',2154,,214,38,,,0
7019,'1400859',725,,215,38,,,0
7019,'1400866',1655,,216,38,,,0
7019,'1400880',1425,,217,38,,,0
7019,'1400906',755,,218,38,,,0
7019,'1400929',1555,,219,38,,,0
7019,'1400945',2055,,220,38,,,0
7019,'1400947',1455,,221,38,,,0
7019,'1400962',1055,,222,38,,,0
7019,'1400973',1255,,223,38,,,0
7019,'1400992',1325,,224,38,,,0
