6019,'1412378',2017,,161,35,,,0
6019,'1412574',2147,,162,35,,,0
6019,'1412586',1117,,163,35,,,0
6019,'1412633',1917,,164,35,,,0
6019,'1412654',1947,,165,35,,,0
6019,'1412663',1447,,166,35,,,0
6019,'1412719',947,,167,35,,,0
6019,'1412861',847,,168,35,,,0
6019,'1412867',717,,169,35,,,0
6019,'1412927',1717,,170,35,,,0
6019,'1413018',1147,,171,35,,,0
6019,'1413058',1317,,172,35,,,0
6019,'1413074',617,,173,35,,,0
6019,'1413172',1347,,174,35,,,0
6019,'1413173',2047,,175,35,,,0
6019,'1413188',2117,,176,35,,,0
6019,'1413228',1417,,177,35,,,0
6019,'1413263',1017,,178,35,,,0
6019,'1413307',647,,179,35,,,0
6019,'1413432',1817,,180,35,,,0
6019,'1413444',747,,181,35,,,0
6019,'1413514',1847,,182,35,,,0
6019,'1413572',1047,,183,35,,,0
6019,'1413697',1217,,184,35,,,0
6019,'1413715',917,,185,35,,,0
6019,'1413733',1547,,186,35,,,0
6019,'1413791',1647,,187,35,,,0
6019,'1413807',817,,188,35,,,0
6019,'1413860',1247,,189,35,,,0
6019,'1413872',1517,,190,35,,,0
6019,'1413914',1617,,191,35,,,0
6019,'1413976',1747,,192,35,,,0
10029,'1309124',814,,229,31,,,0
