6019,'1412378',2008,,161,13,,,0
6019,'1412574',2138,,162,13,,,0
6019,'1412586',1108,,163,13,,,0
6019,'1412633',1908,,164,13,,,0
6019,'1412654',1938,,165,13,,,0
6019,'1412663',1438,,166,13,,,0
6019,'1412719',938,,167,13,,,0
6019,'1412861',838,,168,13,,,0
6019,'1412867',708,,169,13,,,0
6019,'1412927',1708,,170,13,,,0
6019,'1413018',1138,,171,13,,,0
6019,'1413058',1308,,172,13,,,0
6019,'1413074',608,,173,13,,,0
6019,'1413172',1338,,174,13,,,0
6019,'1413173',2038,,175,13,,,0
6019,'1413188',2108,,176,13,,,0
6019,'1413228',1408,,177,13,,,0
6019,'1413263',1008,,178,13,,,0
6019,'1413307',638,,179,13,,,0
6019,'1413432',1808,,180,13,,,0
6019,'1413444',738,,181,13,,,0
6019,'1413514',1838,,182,13,,,0
6019,'1413572',1038,,183,13,,,0
6019,'1413697',1208,,184,13,,,0
6019,'1413715',908,,185,13,,,0
6019,'1413733',1538,,186,13,,,0
6019,'1413791',1638,,187,13,,,0
6019,'1413807',808,,188,13,,,0
6019,'1413860',1238,,189,13,,,0
6019,'1413872',1508,,190,13,,,0
6019,'1413914',1608,,191,13,,,0
6019,'1413976',1738,,192,13,,,0
10029,'1309124',805,,229,12,,,0
