6019,'1412378',2014,,161,28,,,0
6019,'1412574',2144,,162,28,,,0
6019,'1412586',1114,,163,28,,,0
6019,'1412633',1914,,164,28,,,0
6019,'1412654',1944,,165,28,,,0
6019,'1412663',1444,,166,28,,,0
6019,'1412719',944,,167,28,,,0
6019,'1412861',844,,168,28,,,0
6019,'1412867',714,,169,28,,,0
6019,'1412927',1714,,170,28,,,0
6019,'1413018',1144,,171,28,,,0
6019,'1413058',1314,,172,28,,,0
6019,'1413074',614,,173,28,,,0
6019,'1413172',1344,,174,28,,,0
6019,'1413173',2044,,175,28,,,0
6019,'1413188',2114,,176,28,,,0
6019,'1413228',1414,,177,28,,,0
6019,'1413263',1014,,178,28,,,0
6019,'1413307',644,,179,28,,,0
6019,'1413432',1814,,180,28,,,0
6019,'1413444',744,,181,28,,,0
6019,'1413514',1844,,182,28,,,0
6019,'1413572',1044,,183,28,,,0
6019,'1413697',1214,,184,28,,,0
6019,'1413715',914,,185,28,,,0
6019,'1413733',1544,,186,28,,,0
6019,'1413791',1644,,187,28,,,0
6019,'1413807',814,,188,28,,,0
6019,'1413860',1244,,189,28,,,0
6019,'1413872',1514,,190,28,,,0
6019,'1413914',1614,,191,28,,,0
6019,'1413976',1744,,192,28,,,0
10029,'1309124',811,,229,24,,,0
