4019,'1279123',1439,,97,15,,,0
4019,'1279171',709,,98,15,,,0
4019,'1279191',909,,99,15,,,0
4019,'1279351',2039,,100,15,,,0
4019,'1279362',1839,,101,15,,,0
4019,'1279469',1339,,102,15,,,0
4019,'1279906',2009,,103,15,,,0
4019,'1280189',739,,104,15,,,0
4019,'1280192',1039,,105,15,,,0
4019,'1280293',839,,106,15,,,0
4019,'1280507',1939,,107,15,,,0
4019,'1280838',1709,,108,15,,,0
4019,'1280921',1209,,109,15,,,0
4019,'1281220',609,,110,15,,,0
4019,'1281330',1609,,111,15,,,0
4019,'1281387',2139,,112,15,,,0
4019,'1281529',1009,,113,15,,,0
4019,'1281609',809,,114,15,,,0
4019,'1281636',1909,,115,15,,,0
4019,'1281937',1309,,116,15,,,0
4019,'1282104',1509,,117,15,,,0
4019,'1282143',1739,,118,15,,,0
4019,'1282256',939,,119,15,,,0
4019,'1282401',1809,,120,15,,,0
4019,'1282483',1139,,121,15,,,0
4019,'1282867',1109,,122,15,,,0
4019,'1282877',1539,,123,15,,,0
4019,'1283160',1239,,124,15,,,0
4019,'1283459',639,,125,15,,,0
4019,'1283542',1639,,126,15,,,0
4019,'1283577',1409,,127,15,,,0
4019,'1283657',2109,,128,15,,,0
10019,'1280418',736,,228,11,,,0
