5019,'1279336',2117,,129,35,,,0
5019,'1279360',1647,,130,35,,,0
5019,'1279724',1247,,131,35,,,0
5019,'1279909',1117,,132,35,,,0
5019,'1279968',947,,133,35,,,0
5019,'1280159',1947,,134,35,,,0
5019,'1280196',2017,,135,35,,,0
5019,'1280528',1617,,136,35,,,0
5019,'1280538',817,,137,35,,,0
5019,'1280597',917,,138,35,,,0
5019,'1280704',1317,,139,35,,,0
5019,'1280767',847,,140,35,,,0
5019,'1280939',617,,141,35,,,0
5019,'1281159',1717,,142,35,,,0
5019,'1281496',1147,,143,35,,,0
5019,'1281614',1547,,144,35,,,0
5019,'1281867',1917,,145,35,,,0
5019,'1281892',2147,,146,35,,,0
5019,'1281918',1017,,147,35,,,0
5019,'1281954',1817,,148,35,,,0
5019,'1282080',2047,,149,35,,,0
5019,'1282121',1847,,150,35,,,0
5019,'1282311',1217,,151,35,,,0
5019,'1282695',717,,152,35,,,0
5019,'1282785',647,,153,35,,,0
5019,'1282876',1447,,154,35,,,0
5019,'1283012',1517,,155,35,,,0
5019,'1283201',1747,,156,35,,,0
5019,'1283397',1417,,157,35,,,0
5019,'1283530',747,,158,35,,,0
5019,'1283849',1347,,159,35,,,0
5019,'1284100',1047,,160,35,,,0
8019,'1309753',814,,226,34,,,0
