7019,'1400344',1733,,193,5,,,0
7019,'1400361',803,,194,5,,,0
7019,'1400396',603,,195,5,,,0
7019,'1400410',1133,,196,5,,,0
7019,'1400427',633,,197,5,,,0
7019,'1400428',1203,,198,5,,,0
7019,'1400533',2003,,199,5,,,0
7019,'1400589',1903,,200,5,,,0
7019,'1400639',833,,201,5,,,0
7019,'1400662',1603,,202,5,,,0
7019,'1400683',933,,203,5,,,0
7019,'1400688',1803,,204,5,,,0
7019,'1400738',1103,,205,5,,,0
7019,'1400743',903,,206,5,,,0
7019,'1400763',1503,,207,5,,,0
7019,'1400766',2103,,208,5,,,0
7019,'1400797',1833,,209,5,,,0
7019,'1400808',1333,,210,5,,,0
7019,'1400818',1933,,211,5,,,0
7019,'1400821',1703,,212,5,,,0
7019,'1400822',1003,,213,5,,,0
7019,'1400845',2133,,214,5,,,0
7019,'1400859',703,,215,5,,,0
7019,'1400866',1633,,216,5,,,0
7019,'1400880',1403,,217,5,,,0
7019,'1400906',733,,218,5,,,0
7019,'1400929',1533,,219,5,,,0
7019,'1400945',2033,,220,5,,,0
7019,'1400947',1433,,221,5,,,0
7019,'1400962',1033,,222,5,,,0
7019,'1400973',1233,,223,5,,,0
7019,'1400992',1303,,224,5,,,0
