1019,'1463114',1507,,1,10,,,0
1019,'1463124',1807,,2,10,,,0
1019,'1463129',737,,3,10,,,0
1019,'1463141',1337,,4,10,,,0
1019,'1463166',1107,,5,10,,,0
1019,'1463175',1037,,6,10,,,0
1019,'1463193',1537,,7,10,,,0
1019,'1463219',1907,,8,10,,,0
1019,'1463224',1407,,9,10,,,0
1019,'1463236',1437,,10,10,,,0
1019,'1463263',1837,,11,10,,,0
1019,'1463272',1707,,12,10,,,0
1019,'1463293',2107,,13,10,,,0
1019,'1463297',1207,,14,10,,,0
1019,'1463310',1137,,15,10,,,0
1019,'1463321',837,,16,10,,,0
1019,'1463333',1237,,17,10,,,0
1019,'1463355',607,,18,10,,,0
1019,'1463379',1607,,19,10,,,0
1019,'1463398',2037,,20,10,,,0
1019,'1463405',1637,,21,10,,,0
1019,'1463416',1307,,22,10,,,0
1019,'1463417',807,,23,10,,,0
1019,'1463455',2007,,24,10,,,0
1019,'1463456',1007,,25,10,,,0
1019,'1463466',2137,,26,10,,,0
1019,'1463493',1937,,27,10,,,0
1019,'1463502',637,,28,10,,,0
1019,'1463503',937,,29,10,,,0
1019,'1463511',1737,,30,10,,,0
1019,'1463515',707,,31,10,,,0
1019,'1463529',907,,32,10,,,0
