6019,'1412378',2012,,161,23,,,0
6019,'1412574',2142,,162,23,,,0
6019,'1412586',1112,,163,23,,,0
6019,'1412633',1912,,164,23,,,0
6019,'1412654',1942,,165,23,,,0
6019,'1412663',1442,,166,23,,,0
6019,'1412719',942,,167,23,,,0
6019,'1412861',842,,168,23,,,0
6019,'1412867',712,,169,23,,,0
6019,'1412927',1712,,170,23,,,0
6019,'1413018',1142,,171,23,,,0
6019,'1413058',1312,,172,23,,,0
6019,'1413074',612,,173,23,,,0
6019,'1413172',1342,,174,23,,,0
6019,'1413173',2042,,175,23,,,0
6019,'1413188',2112,,176,23,,,0
6019,'1413228',1412,,177,23,,,0
6019,'1413263',1012,,178,23,,,0
6019,'1413307',642,,179,23,,,0
6019,'1413432',1812,,180,23,,,0
6019,'1413444',742,,181,23,,,0
6019,'1413514',1842,,182,23,,,0
6019,'1413572',1042,,183,23,,,0
6019,'1413697',1212,,184,23,,,0
6019,'1413715',912,,185,23,,,0
6019,'1413733',1542,,186,23,,,0
6019,'1413791',1642,,187,23,,,0
6019,'1413807',812,,188,23,,,0
6019,'1413860',1242,,189,23,,,0
6019,'1413872',1512,,190,23,,,0
6019,'1413914',1612,,191,23,,,0
6019,'1413976',1742,,192,23,,,0
