5019,'1279336',2105,,129,9,,,0
5019,'1279360',1635,,130,9,,,0
5019,'1279724',1235,,131,9,,,0
5019,'1279909',1105,,132,9,,,0
5019,'1279968',935,,133,9,,,0
5019,'1280159',1935,,134,9,,,0
5019,'1280196',2005,,135,9,,,0
5019,'1280528',1605,,136,9,,,0
5019,'1280538',805,,137,9,,,0
5019,'1280597',905,,138,9,,,0
5019,'1280704',1305,,139,9,,,0
5019,'1280767',835,,140,9,,,0
5019,'1280939',605,,141,9,,,0
5019,'1281159',1705,,142,9,,,0
5019,'1281496',1135,,143,9,,,0
5019,'1281614',1535,,144,9,,,0
5019,'1281867',1905,,145,9,,,0
5019,'1281892',2135,,146,9,,,0
5019,'1281918',1005,,147,9,,,0
5019,'1281954',1805,,148,9,,,0
5019,'1282080',2035,,149,9,,,0
5019,'1282121',1835,,150,9,,,0
5019,'1282311',1205,,151,9,,,0
5019,'1282695',705,,152,9,,,0
5019,'1282785',635,,153,9,,,0
5019,'1282876',1435,,154,9,,,0
5019,'1283012',1505,,155,9,,,0
5019,'1283201',1735,,156,9,,,0
5019,'1283397',1405,,157,9,,,0
5019,'1283530',735,,158,9,,,0
5019,'1283849',1335,,159,9,,,0
5019,'1284100',1035,,160,9,,,0
8019,'1309753',803,,226,9,,,0
