4019,'1279123',1445,,97,25,,,0
4019,'1279171',715,,98,25,,,0
4019,'1279191',915,,99,25,,,0
4019,'1279351',2045,,100,25,,,0
4019,'1279362',1845,,101,25,,,0
4019,'1279469',1345,,102,25,,,0
4019,'1279906',2015,,103,25,,,0
4019,'1280189',745,,104,25,,,0
4019,'1280192',1045,,105,25,,,0
4019,'1280293',845,,106,25,,,0
4019,'1280507',1945,,107,25,,,0
4019,'1280838',1715,,108,25,,,0
4019,'1280921',1215,,109,25,,,0
4019,'1281220',615,,110,25,,,0
4019,'1281330',1615,,111,25,,,0
4019,'1281387',2145,,112,25,,,0
4019,'1281529',1015,,113,25,,,0
4019,'1281609',815,,114,25,,,0
4019,'1281636',1915,,115,25,,,0
4019,'1281937',1315,,116,25,,,0
4019,'1282104',1515,,117,25,,,0
4019,'1282143',1745,,118,25,,,0
4019,'1282256',945,,119,25,,,0
4019,'1282401',1815,,120,25,,,0
4019,'1282483',1145,,121,25,,,0
4019,'1282867',1115,,122,25,,,0
4019,'1282877',1545,,123,25,,,0
4019,'1283160',1245,,124,25,,,0
4019,'1283459',645,,125,25,,,0
4019,'1283542',1645,,126,25,,,0
4019,'1283577',1415,,127,25,,,0
4019,'1283657',2115,,128,25,,,0
10019,'1280418',742,,228,21,,,0
