6019,'1412378',2015,,161,31,,,0
6019,'1412574',2145,,162,31,,,0
6019,'1412586',1115,,163,31,,,0
6019,'1412633',1915,,164,31,,,0
6019,'1412654',1945,,165,31,,,0
6019,'1412663',1445,,166,31,,,0
6019,'1412719',945,,167,31,,,0
6019,'1412861',845,,168,31,,,0
6019,'1412867',715,,169,31,,,0
6019,'1412927',1715,,170,31,,,0
6019,'1413018',1145,,171,31,,,0
6019,'1413058',1315,,172,31,,,0
6019,'1413074',615,,173,31,,,0
6019,'1413172',1345,,174,31,,,0
6019,'1413173',2045,,175,31,,,0
6019,'1413188',2115,,176,31,,,0
6019,'1413228',1415,,177,31,,,0
6019,'1413263',1015,,178,31,,,0
6019,'1413307',645,,179,31,,,0
6019,'1413432',1815,,180,31,,,0
6019,'1413444',745,,181,31,,,0
6019,'1413514',1845,,182,31,,,0
6019,'1413572',1045,,183,31,,,0
6019,'1413697',1215,,184,31,,,0
6019,'1413715',915,,185,31,,,0
6019,'1413733',1545,,186,31,,,0
6019,'1413791',1645,,187,31,,,0
6019,'1413807',815,,188,31,,,0
6019,'1413860',1245,,189,31,,,0
6019,'1413872',1515,,190,31,,,0
6019,'1413914',1615,,191,31,,,0
6019,'1413976',1745,,192,31,,,0
10029,'1309124',812,,229,27,,,0
