3019,'1497228',606,,248,9,,,0
3019,'1497229',636,,249,9,,,0
3019,'1497230',706,,250,9,,,0
3019,'1497231',736,,251,9,,,0
3019,'1497232',806,,252,9,,,0
3019,'1497233',836,,253,9,,,0
3019,'1497234',906,,254,9,,,0
3019,'1497235',936,,255,9,,,0
3019,'1497236',1006,,256,9,,,0
3019,'1497237',1036,,257,9,,,0
3019,'1497238',1106,,258,9,,,0
3019,'1497239',1136,,259,9,,,0
3019,'1497240',1206,,260,9,,,0
3019,'1497241',1236,,261,9,,,0
3019,'1497242',1306,,262,9,,,0
3019,'1497243',1336,,263,9,,,0
3019,'1497244',1406,,264,9,,,0
3019,'1497245',1436,,265,9,,,0
3019,'1497246',1506,,266,9,,,0
3019,'1497247',1536,,267,9,,,0
3019,'1497248',1606,,268,9,,,0
3019,'1497249',1636,,269,9,,,0
3019,'1497250',1706,,270,9,,,0
3019,'1497251',1736,,271,9,,,0
3019,'1497252',1806,,272,9,,,0
3019,'1497253',1836,,273,9,,,0
3019,'1497254',1906,,274,9,,,0
3019,'1497255',1936,,275,9,,,0
3019,'1497256',2006,,276,9,,,0
3019,'1497257',2036,,277,9,,,0
3019,'1497258',2106,,278,9,,,0
3019,'1497259',2136,,279,9,,,0
