5019,'1279336',2101,,129,3,,,0
5019,'1279360',1631,,130,3,,,0
5019,'1279724',1231,,131,3,,,0
5019,'1279909',1101,,132,3,,,0
5019,'1279968',931,,133,3,,,0
5019,'1280159',1931,,134,3,,,0
5019,'1280196',2001,,135,3,,,0
5019,'1280528',1601,,136,3,,,0
5019,'1280538',801,,137,3,,,0
5019,'1280597',901,,138,3,,,0
5019,'1280704',1301,,139,3,,,0
5019,'1280767',831,,140,3,,,0
5019,'1280939',601,,141,3,,,0
5019,'1281159',1701,,142,3,,,0
5019,'1281496',1131,,143,3,,,0
5019,'1281614',1531,,144,3,,,0
5019,'1281867',1901,,145,3,,,0
5019,'1281892',2131,,146,3,,,0
5019,'1281918',1001,,147,3,,,0
5019,'1281954',1801,,148,3,,,0
5019,'1282080',2031,,149,3,,,0
5019,'1282121',1831,,150,3,,,0
5019,'1282311',1201,,151,3,,,0
5019,'1282695',701,,152,3,,,0
5019,'1282785',631,,153,3,,,0
5019,'1282876',1431,,154,3,,,0
5019,'1283012',1501,,155,3,,,0
5019,'1283201',1731,,156,3,,,0
5019,'1283397',1401,,157,3,,,0
5019,'1283530',731,,158,3,,,0
5019,'1283849',1331,,159,3,,,0
5019,'1284100',1031,,160,3,,,0
8019,'1309753',759,,226,3,,,0
