2019,'1475659',622,,33,34,,,0
2019,'1475660',652,,34,34,,,0
2019,'1475661',722,,35,34,,,0
2019,'1475662',752,,36,34,,,0
2019,'1475663',822,,37,34,,,0
2019,'1475664',852,,38,34,,,0
2019,'1475665',922,,39,34,,,0
2019,'1475666',952,,40,34,,,0
2019,'1475667',1022,,41,34,,,0
2019,'1475668',1052,,42,34,,,0
2019,'1475669',1122,,43,34,,,0
2019,'1475670',1152,,44,34,,,0
2019,'1475671',1222,,45,34,,,0
2019,'1475672',1252,,46,34,,,0
2019,'1475673',1322,,47,34,,,0
2019,'1475674',1352,,48,34,,,0
2019,'1475675',1422,,49,34,,,0
2019,'1475676',1452,,50,34,,,0
2019,'1475677',1522,,51,34,,,0
2019,'1475678',1552,,52,34,,,0
2019,'1475679',1622,,53,34,,,0
2019,'1475680',1652,,54,34,,,0
2019,'1475681',1722,,55,34,,,0
2019,'1475682',1752,,56,34,,,0
2019,'1475683',1822,,57,34,,,0
2019,'1475684',1852,,58,34,,,0
2019,'1475685',1922,,59,34,,,0
2019,'1475686',1952,,60,34,,,0
2019,'1475687',2022,,61,34,,,0
2019,'1475688',2052,,62,34,,,0
2019,'1475689',2122,,63,34,,,0
2019,'1475690',2152,,64,34,,,0
8019,'1282156',748,,225,27,,,0
