6019,'1412378',2017,,161,36,,,0
6019,'1412574',2147,,162,36,,,0
6019,'1412586',1117,,163,36,,,0
6019,'1412633',1917,,164,36,,,0
6019,'1412654',1947,,165,36,,,0
6019,'1412663',1447,,166,36,,,0
6019,'1412719',947,,167,36,,,0
6019,'1412861',847,,168,36,,,0
6019,'1412867',717,,169,36,,,0
6019,'1412927',1717,,170,36,,,0
6019,'1413018',1147,,171,36,,,0
6019,'1413058',1317,,172,36,,,0
6019,'1413074',617,,173,36,,,0
6019,'1413172',1347,,174,36,,,0
6019,'1413173',2047,,175,36,,,0
6019,'1413188',2117,,176,36,,,0
6019,'1413228',1417,,177,36,,,0
6019,'1413263',1017,,178,36,,,0
6019,'1413307',647,,179,36,,,0
6019,'1413432',1817,,180,36,,,0
6019,'1413444',747,,181,36,,,0
6019,'1413514',1847,,182,36,,,0
6019,'1413572',1047,,183,36,,,0
6019,'1413697',1217,,184,36,,,0
6019,'1413715',917,,185,36,,,0
6019,'1413733',1547,,186,36,,,0
6019,'1413791',1647,,187,36,,,0
6019,'1413807',817,,188,36,,,0
6019,'1413860',1247,,189,36,,,0
6019,'1413872',1517,,190,36,,,0
6019,'1413914',1617,,191,36,,,0
6019,'1413976',1747,,192,36,,,0
10029,'1309124',814,,229,32,,,0
