4019,'1279123',1446,,97,27,,,0
4019,'1279171',716,,98,27,,,0
4019,'1279191',916,,99,27,,,0
4019,'1279351',2046,,100,27,,,0
4019,'1279362',1846,,101,27,,,0
4019,'1279469',1346,,102,27,,,0
4019,'1279906',2016,,103,27,,,0
4019,'1280189',746,,104,27,,,0
4019,'1280192',1046,,105,27,,,0
4019,'1280293',846,,106,27,,,0
4019,'1280507',1946,,107,27,,,0
4019,'1280838',1716,,108,27,,,0
4019,'1280921',1216,,109,27,,,0
4019,'1281220',616,,110,27,,,0
4019,'1281330',1616,,111,27,,,0
4019,'1281387',2146,,112,27,,,0
4019,'1281529',1016,,113,27,,,0
4019,'1281609',816,,114,27,,,0
4019,'1281636',1916,,115,27,,,0
4019,'1281937',1316,,116,27,,,0
4019,'1282104',1516,,117,27,,,0
4019,'1282143',1746,,118,27,,,0
4019,'1282256',946,,119,27,,,0
4019,'1282401',1816,,120,27,,,0
4019,'1282483',1146,,121,27,,,0
4019,'1282867',1116,,122,27,,,0
4019,'1282877',1546,,123,27,,,0
4019,'1283160',1246,,124,27,,,0
4019,'1283459',646,,125,27,,,0
4019,'1283542',1646,,126,27,,,0
4019,'1283577',1416,,127,27,,,0
4019,'1283657',2116,,128,27,,,0
10019,'1280418',743,,228,23,,,0
