1019,'1463114',1518,,1,29,,,0
1019,'1463124',1818,,2,29,,,0
1019,'1463129',748,,3,29,,,0
1019,'1463141',1348,,4,29,,,0
1019,'1463166',1118,,5,29,,,0
1019,'1463175',1048,,6,29,,,0
1019,'1463193',1548,,7,29,,,0
1019,'1463219',1918,,8,29,,,0
1019,'1463224',1418,,9,29,,,0
1019,'1463236',1448,,10,29,,,0
1019,'1463263',1848,,11,29,,,0
1019,'1463272',1718,,12,29,,,0
1019,'1463293',2118,,13,29,,,0
1019,'1463297',1218,,14,29,,,0
1019,'1463310',1148,,15,29,,,0
1019,'1463321',848,,16,29,,,0
1019,'1463333',1248,,17,29,,,0
1019,'1463355',618,,18,29,,,0
1019,'1463379',1618,,19,29,,,0
1019,'1463398',2048,,20,29,,,0
1019,'1463405',1648,,21,29,,,0
1019,'1463416',1318,,22,29,,,0
1019,'1463417',818,,23,29,,,0
1019,'1463455',2018,,24,29,,,0
1019,'1463456',1018,,25,29,,,0
1019,'1463466',2148,,26,29,,,0
1019,'1463493',1948,,27,29,,,0
1019,'1463502',648,,28,29,,,0
1019,'1463503',948,,29,29,,,0
1019,'1463511',1748,,30,29,,,0
1019,'1463515',718,,31,29,,,0
1019,'1463529',918,,32,29,,,0
