1,1019,'1463114',1
1,1019,'1463124',2
1,1019,'1463129',3
1,1019,'1463141',4
1,1019,'1463166',5
1,1019,'1463175',6
1,1019,'1463193',7
1,1019,'1463219',8
1,1019,'1463224',9
1,1019,'1463236',10
1,1019,'1463263',11
1,1019,'1463272',12
1,1019,'1463293',13
1,1019,'1463297',14
1,1019,'1463310',15
1,1019,'1463321',16
1,1019,'1463333',17
1,1019,'1463355',18
1,1019,'1463379',19
1,1019,'1463398',20
1,1019,'1463405',21
1,1019,'1463416',22
1,1019,'1463417',23
1,1019,'1463455',24
1,1019,'1463456',25
1,1019,'1463466',26
1,1019,'1463493',27
1,1019,'1463502',28
1,1019,'1463503',29
1,1019,'1463511',30
1,1019,'1463515',31
1,1019,'1463529',32
2,2019,'1475659',33
2,2019,'1475660',34
2,2019,'1475661',35
2,2019,'1475662',36
2,2019,'1475663',37
2,2019,'1475664',38
2,2019,'1475665',39
2,2019,'1475666',40
2,2019,'1475667',41
2,2019,'1475668',42
2,2019,'1475669',43
2,2019,'1475670',44
2,2019,'1475671',45
2,2019,'1475672',46
2,2019,'1475673',47
2,2019,'1475674',48
2,2019,'1475675',49
2,2019,'1475676',50
2,2019,'1475677',51
2,2019,'1475678',52
2,2019,'1475679',53
2,2019,'1475680',54
2,2019,'1475681',55
2,2019,'1475682',56
2,2019,'1475683',57
2,2019,'1475684',58
2,2019,'1475685',59
2,2019,'1475686',60
2,2019,'1475687',61
2,2019,'1475688',62
2,2019,'1475689',63
2,2019,'1475690',64
3,3019,'1297024',65
3,3019,'1297026',66
3,3019,'1297027',67
3,3019,'1297030',68
3,3019,'1297031',69
3,3019,'1297034',70
3,3019,'1297036',71
3,3019,'1297037',72
3,3019,'1297039',73
3,3019,'1297041',74
3,3019,'1297043',75
3,3019,'1297046',76
3,3019,'1297047',77
3,3019,'1297048',78
3,3019,'1297049',79
3,3019,'1297050',80
3,3019,'1297051',81
3,3019,'1297053',82
3,3019,'1297057',83
3,3019,'1297058',84
3,3019,'1297059',85
3,3019,'1297061',86
3,3019,'1297062',87
3,3019,'1297064',88
3,3019,'1297065',89
3,3019,'1297069',90
3,3019,'1297073',91
3,3019,'1297078',92
3,3019,'1297079',93
3,3019,'1297080',94
3,3019,'1297082',95
3,3019,'1297083',96
4,4019,'1279123',97
4,4019,'1279171',98
4,4019,'1279191',99
4,4019,'1279351',100
4,4019,'1279362',101
4,4019,'1279469',102
4,4019,'1279906',103
4,4019,'1280189',104
4,4019,'1280192',105
4,4019,'1280293',106
4,4019,'1280507',107
4,4019,'1280838',108
4,4019,'1280921',109
4,4019,'1281220',110
4,4019,'1281330',111
4,4019,'1281387',112
4,4019,'1281529',113
4,4019,'1281609',114
4,4019,'1281636',115
4,4019,'1281937',116
4,4019,'1282104',117
4,4019,'1282143',118
4,4019,'1282256',119
4,4019,'1282401',120
4,4019,'1282483',121
4,4019,'1282867',122
4,4019,'1282877',123
4,4019,'1283160',124
4,4019,'1283459',125
4,4019,'1283542',126
4,4019,'1283577',127
4,4019,'1283657',128
5,5019,'1279336',129
5,5019,'1279360',130
5,5019,'1279724',131
5,5019,'1279909',132
5,5019,'1279968',133
5,5019,'1280159',134
5,5019,'1280196',135
5,5019,'1280528',136
5,5019,'1280538',137
5,5019,'1280597',138
5,5019,'1280704',139
5,5019,'1280767',140
5,5019,'1280939',141
5,5019,'1281159',142
5,5019,'1281496',143
5,5019,'1281614',144
5,5019,'1281867',145
5,5019,'1281892',146
5,5019,'1281918',147
5,5019,'1281954',148
5,5019,'1282080',149
5,5019,'1282121',150
5,5019,'1282311',151
5,5019,'1282695',152
5,5019,'1282785',153
5,5019,'1282876',154
5,5019,'1283012',155
5,5019,'1283201',156
5,5019,'1283397',157
5,5019,'1283530',158
5,5019,'1283849',159
5,5019,'1284100',160
6,6019,'1412378',161
6,6019,'1412574',162
6,6019,'1412586',163
6,6019,'1412633',164
6,6019,'1412654',165
6,6019,'1412663',166
6,6019,'1412719',167
6,6019,'1412861',168
6,6019,'1412867',169
6,6019,'1412927',170
6,6019,'1413018',171
6,6019,'1413058',172
6,6019,'1413074',173
6,6019,'1413172',174
6,6019,'1413173',175
6,6019,'1413188',176
6,6019,'1413228',177
6,6019,'1413263',178
6,6019,'1413307',179
6,6019,'1413432',180
6,6019,'1413444',181
6,6019,'1413514',182
6,6019,'1413572',183
6,6019,'1413697',184
6,6019,'1413715',185
6,6019,'1413733',186
6,6019,'1413791',187
6,6019,'1413807',188
6,6019,'1413860',189
6,6019,'1413872',190
6,6019,'1413914',191
6,6019,'1413976',192
7,7019,'1400344',193
7,7019,'1400361',194
7,7019,'1400396',195
7,7019,'1400410',196
7,7019,'1400427',197
7,7019,'1400428',198
7,7019,'1400533',199
7,7019,'1400589',200
7,7019,'1400639',201
7,7019,'1400662',202
7,7019,'1400683',203
7,7019,'1400688',204
7,7019,'1400738',205
7,7019,'1400743',206
7,7019,'1400763',207
7,7019,'1400766',208
7,7019,'1400797',209
7,7019,'1400808',210
7,7019,'1400818',211
7,7019,'1400821',212
7,7019,'1400822',213
7,7019,'1400845',214
7,7019,'1400859',215
7,7019,'1400866',216
7,7019,'1400880',217
7,7019,'1400906',218
7,7019,'1400929',219
7,7019,'1400945',220
7,7019,'1400947',221
7,7019,'1400962',222
7,7019,'1400973',223
7,7019,'1400992',224
8,8019,'1282156',225
8,8019,'1309753',226
8,8019,'1309755',227
10,10019,'1280418',228
10,10029,'1309124',229
10,10029,'1309218',230
11,11019,'1468577',231
11,11019,'1468578',232
11,11019,'1468579',233
11,11019,'1468580',234
11,11019,'1468581',235
11,11019,'1468582',236
11,11019,'1468583',237
11,11019,'1468584',238
11,11019,'1468585',239
12,12019,'1468586',240
12,12019,'1468587',241
12,12019,'1468588',242
12,12019,'1468589',243
12,12019,'1468590',244
12,12019,'1468591',245
12,12019,'1468592',246
12,12019,'1468593',247
