1019,'1463114',1517,,1,27,,,0
1019,'1463124',1817,,2,27,,,0
1019,'1463129',747,,3,27,,,0
1019,'1463141',1347,,4,27,,,0
1019,'1463166',1117,,5,27,,,0
1019,'1463175',1047,,6,27,,,0
1019,'1463193',1547,,7,27,,,0
1019,'1463219',1917,,8,27,,,0
1019,'1463224',1417,,9,27,,,0
1019,'1463236',1447,,10,27,,,0
1019,'1463263',1847,,11,27,,,0
1019,'1463272',1717,,12,27,,,0
1019,'1463293',2117,,13,27,,,0
1019,'1463297',1217,,14,27,,,0
1019,'1463310',1147,,15,27,,,0
1019,'1463321',847,,16,27,,,0
1019,'1463333',1247,,17,27,,,0
1019,'1463355',617,,18,27,,,0
1019,'1463379',1617,,19,27,,,0
1019,'1463398',2047,,20,27,,,0
1019,'1463405',1647,,21,27,,,0
1019,'1463416',1317,,22,27,,,0
1019,'1463417',817,,23,27,,,0
1019,'1463455',2017,,24,27,,,0
1019,'1463456',1017,,25,27,,,0
1019,'1463466',2147,,26,27,,,0
1019,'1463493',1947,,27,27,,,0
1019,'1463502',647,,28,27,,,0
1019,'1463503',947,,29,27,,,0
1019,'1463511',1747,,30,27,,,0
1019,'1463515',717,,31,27,,,0
1019,'1463529',917,,32,27,,,0
