6019,'1412378',2010,,161,17,,,0,13,,161,44,,,0
6019,'1412574',2140,,162,17,,,0,12,,162,44,,,0
6019,'1412586',1110,,163,17,,,0,13,,163,44,,,0
6019,'1412633',1910,,164,17,,,0,13,,164,44,,,0
6019,'1412654',1940,,165,17,,,0,13,,165,44,,,0
6019,'1412663',1440,,166,17,,,0,13,,166,44,,,0
6019,'1412719',940,,167,17,,,0,13,,167,44,,,0
6019,'1412861',840,,168,17,,,0,13,,168,44,,,0
6019,'1412867',710,,169,17,,,0,13,,169,44,,,0
6019,'1412927',1710,,170,17,,,0,13,,170,44,,,0
6019,'1413018',1140,,171,17,,,0,13,,171,44,,,0
6019,'1413058',1310,,172,17,,,0,13,,172,44,,,0
6019,'1413074',610,,173,17,,,0,13,,173,44,,,0
6019,'1413172',1340,,174,17,,,0,13,,174,44,,,0
6019,'1413173',2040,,175,17,,,0,13,,175,44,,,0
6019,'1413188',2110,,176,17,,,0,13,,176,44,,,0
6019,'1413228',1410,,177,17,,,0,13,,177,44,,,0
6019,'1413263',1010,,178,17,,,0,13,,178,44,,,0
6019,'1413307',640,,179,17,,,0,13,,179,44,,,0
6019,'1413432',1810,,180,17,,,0,13,,180,44,,,0
6019,'1413444',740,,181,17,,,0,13,,181,44,,,0
6019,'1413514',1840,,182,17,,,0,13,,182,44,,,0
6019,'1413572',1040,,183,17,,,0,13,,183,44,,,0
6019,'1413697',1210,,184,17,,,0,13,,184,44,,,0
6019,'1413715',910,,185,17,,,0,13,,185,44,,,0
6019,'1413733',1540,,186,17,,,0,13,,186,44,,,0
6019,'1413791',1640,,187,17,,,0,13,,187,44,,,0
6019,'1413807',810,,188,17,,,0,13,,188,44,,,0
6019,'1413860',1240,,189,17,,,0,13,,189,44,,,0
6019,'1413872',1510,,190,17,,,0,13,,190,44,,,0
6019,'1413914',1610,,191,17,,,0,13,,191,44,,,0
6019,'1413976',1740,,192,17,,,0,13,,192,44,,,0
10029,'1309124',807,,229,16,,,0
