1019,'1463114',1506,,1,8,,,0
1019,'1463124',1806,,2,8,,,0
1019,'1463129',736,,3,8,,,0
1019,'1463141',1336,,4,8,,,0
1019,'1463166',1106,,5,8,,,0
1019,'1463175',1036,,6,8,,,0
1019,'1463193',1536,,7,8,,,0
1019,'1463219',1906,,8,8,,,0
1019,'1463224',1406,,9,8,,,0
1019,'1463236',1436,,10,8,,,0
1019,'1463263',1836,,11,8,,,0
1019,'1463272',1706,,12,8,,,0
1019,'1463293',2106,,13,8,,,0
1019,'1463297',1206,,14,8,,,0
1019,'1463310',1136,,15,8,,,0
1019,'1463321',836,,16,8,,,0
1019,'1463333',1236,,17,8,,,0
1019,'1463355',606,,18,8,,,0
1019,'1463379',1606,,19,8,,,0
1019,'1463398',2036,,20,8,,,0
1019,'1463405',1636,,21,8,,,0
1019,'1463416',1306,,22,8,,,0
1019,'1463417',806,,23,8,,,0
1019,'1463455',2006,,24,8,,,0
1019,'1463456',1006,,25,8,,,0
1019,'1463466',2136,,26,8,,,0
1019,'1463493',1936,,27,8,,,0
1019,'1463502',636,,28,8,,,0
1019,'1463503',936,,29,8,,,0
1019,'1463511',1736,,30,8,,,0
1019,'1463515',706,,31,8,,,0
1019,'1463529',906,,32,8,,,0
