6019,'1412378',2008,,161,14,,,0
6019,'1412574',2138,,162,14,,,0
6019,'1412586',1108,,163,14,,,0
6019,'1412633',1908,,164,14,,,0
6019,'1412654',1938,,165,14,,,0
6019,'1412663',1438,,166,14,,,0
6019,'1412719',938,,167,14,,,0
6019,'1412861',838,,168,14,,,0
6019,'1412867',708,,169,14,,,0
6019,'1412927',1708,,170,14,,,0
6019,'1413018',1138,,171,14,,,0
6019,'1413058',1308,,172,14,,,0
6019,'1413074',608,,173,14,,,0
6019,'1413172',1338,,174,14,,,0
6019,'1413173',2038,,175,14,,,0
6019,'1413188',2108,,176,14,,,0
6019,'1413228',1408,,177,14,,,0
6019,'1413263',1008,,178,14,,,0
6019,'1413307',638,,179,14,,,0
6019,'1413432',1808,,180,14,,,0
6019,'1413444',738,,181,14,,,0
6019,'1413514',1838,,182,14,,,0
6019,'1413572',1038,,183,14,,,0
6019,'1413697',1208,,184,14,,,0
6019,'1413715',908,,185,14,,,0
6019,'1413733',1538,,186,14,,,0
6019,'1413791',1638,,187,14,,,0
6019,'1413807',808,,188,14,,,0
6019,'1413860',1238,,189,14,,,0
6019,'1413872',1508,,190,14,,,0
6019,'1413914',1608,,191,14,,,0
6019,'1413976',1738,,192,14,,,0
10029,'1309124',805,,229,13,,,0
