5019,'1279336',2121,,129,41,,,0
5019,'1279360',1651,,130,41,,,0
5019,'1279724',1251,,131,41,,,0
5019,'1279909',1121,,132,41,,,0
5019,'1279968',951,,133,41,,,0
5019,'1280159',1951,,134,41,,,0
5019,'1280196',2021,,135,41,,,0
5019,'1280528',1621,,136,41,,,0
5019,'1280538',821,,137,41,,,0
5019,'1280597',921,,138,41,,,0
5019,'1280704',1321,,139,41,,,0
5019,'1280767',851,,140,41,,,0
5019,'1280939',621,,141,41,,,0
5019,'1281159',1721,,142,41,,,0
5019,'1281496',1151,,143,41,,,0
5019,'1281614',1551,,144,41,,,0
5019,'1281867',1921,,145,41,,,0
5019,'1281892',2151,,146,41,,,0
5019,'1281918',1021,,147,41,,,0
5019,'1281954',1821,,148,41,,,0
5019,'1282080',2051,,149,41,,,0
5019,'1282121',1851,,150,41,,,0
5019,'1282311',1221,,151,41,,,0
5019,'1282695',721,,152,41,,,0
5019,'1282785',651,,153,41,,,0
5019,'1282876',1451,,154,41,,,0
5019,'1283012',1521,,155,41,,,0
5019,'1283201',1751,,156,41,,,0
5019,'1283397',1421,,157,41,,,0
5019,'1283530',751,,158,41,,,0
5019,'1283849',1351,,159,41,,,0
5019,'1284100',1051,,160,41,,,0
8019,'1282156',746,,225,24,,,0
8019,'1309753',818,,226,40,,,0
