6019,'1412378',2013,,161,24,,,0
6019,'1412574',2143,,162,24,,,0
6019,'1412586',1113,,163,24,,,0
6019,'1412633',1913,,164,24,,,0
6019,'1412654',1943,,165,24,,,0
6019,'1412663',1443,,166,24,,,0
6019,'1412719',943,,167,24,,,0
6019,'1412861',843,,168,24,,,0
6019,'1412867',713,,169,24,,,0
6019,'1412927',1713,,170,24,,,0
6019,'1413018',1143,,171,24,,,0
6019,'1413058',1313,,172,24,,,0
6019,'1413074',613,,173,24,,,0
6019,'1413172',1343,,174,24,,,0
6019,'1413173',2043,,175,24,,,0
6019,'1413188',2113,,176,24,,,0
6019,'1413228',1413,,177,24,,,0
6019,'1413263',1013,,178,24,,,0
6019,'1413307',643,,179,24,,,0
6019,'1413432',1813,,180,24,,,0
6019,'1413444',743,,181,24,,,0
6019,'1413514',1843,,182,24,,,0
6019,'1413572',1043,,183,24,,,0
6019,'1413697',1213,,184,24,,,0
6019,'1413715',913,,185,24,,,0
6019,'1413733',1543,,186,24,,,0
6019,'1413791',1643,,187,24,,,0
6019,'1413807',813,,188,24,,,0
6019,'1413860',1243,,189,24,,,0
6019,'1413872',1513,,190,24,,,0
6019,'1413914',1613,,191,24,,,0
6019,'1413976',1743,,192,24,,,0
