6019,'1412378',2018,,161,39,,,0
6019,'1412574',2148,,162,39,,,0
6019,'1412586',1118,,163,39,,,0
6019,'1412633',1918,,164,39,,,0
6019,'1412654',1948,,165,39,,,0
6019,'1412663',1448,,166,39,,,0
6019,'1412719',948,,167,39,,,0
6019,'1412861',848,,168,39,,,0
6019,'1412867',718,,169,39,,,0
6019,'1412927',1718,,170,39,,,0
6019,'1413018',1148,,171,39,,,0
6019,'1413058',1318,,172,39,,,0
6019,'1413074',618,,173,39,,,0
6019,'1413172',1348,,174,39,,,0
6019,'1413173',2048,,175,39,,,0
6019,'1413188',2118,,176,39,,,0
6019,'1413228',1418,,177,39,,,0
6019,'1413263',1018,,178,39,,,0
6019,'1413307',648,,179,39,,,0
6019,'1413432',1818,,180,39,,,0
6019,'1413444',748,,181,39,,,0
6019,'1413514',1848,,182,39,,,0
6019,'1413572',1048,,183,39,,,0
6019,'1413697',1218,,184,39,,,0
6019,'1413715',918,,185,39,,,0
6019,'1413733',1548,,186,39,,,0
6019,'1413791',1648,,187,39,,,0
6019,'1413807',818,,188,39,,,0
6019,'1413860',1248,,189,39,,,0
6019,'1413872',1518,,190,39,,,0
6019,'1413914',1618,,191,39,,,0
6019,'1413976',1748,,192,39,,,0
10029,'1309124',815,,229,35,,,0
