5019,'1279336',2102,,129,4,,,0
5019,'1279360',1632,,130,4,,,0
5019,'1279724',1232,,131,4,,,0
5019,'1279909',1102,,132,4,,,0
5019,'1279968',932,,133,4,,,0
5019,'1280159',1932,,134,4,,,0
5019,'1280196',2002,,135,4,,,0
5019,'1280528',1602,,136,4,,,0
5019,'1280538',802,,137,4,,,0
5019,'1280597',902,,138,4,,,0
5019,'1280704',1302,,139,4,,,0
5019,'1280767',832,,140,4,,,0
5019,'1280939',602,,141,4,,,0
5019,'1281159',1702,,142,4,,,0
5019,'1281496',1132,,143,4,,,0
5019,'1281614',1532,,144,4,,,0
5019,'1281867',1902,,145,4,,,0
5019,'1281892',2132,,146,4,,,0
5019,'1281918',1002,,147,4,,,0
5019,'1281954',1802,,148,4,,,0
5019,'1282080',2032,,149,4,,,0
5019,'1282121',1832,,150,4,,,0
5019,'1282311',1202,,151,4,,,0
5019,'1282695',702,,152,4,,,0
5019,'1282785',632,,153,4,,,0
5019,'1282876',1432,,154,4,,,0
5019,'1283012',1502,,155,4,,,0
5019,'1283201',1732,,156,4,,,0
5019,'1283397',1402,,157,4,,,0
5019,'1283530',732,,158,4,,,0
5019,'1283849',1332,,159,4,,,0
5019,'1284100',1032,,160,4,,,0
8019,'1309753',800,,226,4,,,0
