7019,'1400344',1743,,193,21,,,0
7019,'1400361',813,,194,21,,,0
7019,'1400396',613,,195,21,,,0
7019,'1400410',1143,,196,21,,,0
7019,'1400427',643,,197,21,,,0
7019,'1400428',1213,,198,21,,,0
7019,'1400533',2013,,199,21,,,0
7019,'1400589',1913,,200,21,,,0
7019,'1400639',843,,201,21,,,0
7019,'1400662',1613,,202,21,,,0
7019,'1400683',943,,203,21,,,0
7019,'1400688',1813,,204,21,,,0
7019,'1400738',1113,,205,21,,,0
7019,'1400743',913,,206,21,,,0
7019,'1400763',1513,,207,21,,,0
7019,'1400766',2113,,208,21,,,0
7019,'1400797',1843,,209,21,,,0
7019,'1400808',1343,,210,21,,,0
7019,'1400818',1943,,211,21,,,0
7019,'1400821',1713,,212,21,,,0
7019,'1400822',1013,,213,21,,,0
7019,'1400845',2143,,214,21,,,0
7019,'1400859',713,,215,21,,,0
7019,'1400866',1643,,216,21,,,0
7019,'1400880',1413,,217,21,,,0
7019,'1400906',743,,218,21,,,0
7019,'1400929',1543,,219,21,,,0
7019,'1400945',2043,,220,21,,,0
7019,'1400947',1443,,221,21,,,0
7019,'1400962',1043,,222,21,,,0
7019,'1400973',1243,,223,21,,,0
7019,'1400992',1313,,224,21,,,0
