5019,'1279336',2114,,129,29,,,0
5019,'1279360',1644,,130,29,,,0
5019,'1279724',1244,,131,29,,,0
5019,'1279909',1114,,132,29,,,0
5019,'1279968',944,,133,29,,,0
5019,'1280159',1944,,134,29,,,0
5019,'1280196',2014,,135,29,,,0
5019,'1280528',1614,,136,29,,,0
5019,'1280538',814,,137,29,,,0
5019,'1280597',914,,138,29,,,0
5019,'1280704',1314,,139,29,,,0
5019,'1280767',844,,140,29,,,0
5019,'1280939',614,,141,29,,,0
5019,'1281159',1714,,142,29,,,0
5019,'1281496',1144,,143,29,,,0
5019,'1281614',1544,,144,29,,,0
5019,'1281867',1914,,145,29,,,0
5019,'1281892',2144,,146,29,,,0
5019,'1281918',1014,,147,29,,,0
5019,'1281954',1814,,148,29,,,0
5019,'1282080',2044,,149,29,,,0
5019,'1282121',1844,,150,29,,,0
5019,'1282311',1214,,151,29,,,0
5019,'1282695',714,,152,29,,,0
5019,'1282785',644,,153,29,,,0
5019,'1282876',1444,,154,29,,,0
5019,'1283012',1514,,155,29,,,0
5019,'1283201',1744,,156,29,,,0
5019,'1283397',1414,,157,29,,,0
5019,'1283530',744,,158,29,,,0
5019,'1283849',1344,,159,29,,,0
5019,'1284100',1044,,160,29,,,0
8019,'1309753',811,,226,29,,,0
