6019,'1412378',2015,,161,30,,,0
6019,'1412574',2145,,162,30,,,0
6019,'1412586',1115,,163,30,,,0
6019,'1412633',1915,,164,30,,,0
6019,'1412654',1945,,165,30,,,0
6019,'1412663',1445,,166,30,,,0
6019,'1412719',945,,167,30,,,0
6019,'1412861',845,,168,30,,,0
6019,'1412867',715,,169,30,,,0
6019,'1412927',1715,,170,30,,,0
6019,'1413018',1145,,171,30,,,0
6019,'1413058',1315,,172,30,,,0
6019,'1413074',615,,173,30,,,0
6019,'1413172',1345,,174,30,,,0
6019,'1413173',2045,,175,30,,,0
6019,'1413188',2115,,176,30,,,0
6019,'1413228',1415,,177,30,,,0
6019,'1413263',1015,,178,30,,,0
6019,'1413307',645,,179,30,,,0
6019,'1413432',1815,,180,30,,,0
6019,'1413444',745,,181,30,,,0
6019,'1413514',1845,,182,30,,,0
6019,'1413572',1045,,183,30,,,0
6019,'1413697',1215,,184,30,,,0
6019,'1413715',915,,185,30,,,0
6019,'1413733',1545,,186,30,,,0
6019,'1413791',1645,,187,30,,,0
6019,'1413807',815,,188,30,,,0
6019,'1413860',1245,,189,30,,,0
6019,'1413872',1515,,190,30,,,0
6019,'1413914',1615,,191,30,,,0
6019,'1413976',1745,,192,30,,,0
10029,'1309124',812,,229,26,,,0
