1019,'1463114',1521,,1,33,,,0
1019,'1463124',1821,,2,33,,,0
1019,'1463129',751,,3,33,,,0
1019,'1463141',1351,,4,33,,,0
1019,'1463166',1121,,5,33,,,0
1019,'1463175',1051,,6,33,,,0
1019,'1463193',1551,,7,33,,,0
1019,'1463219',1921,,8,33,,,0
1019,'1463224',1421,,9,33,,,0
1019,'1463236',1451,,10,33,,,0
1019,'1463263',1851,,11,33,,,0
1019,'1463272',1721,,12,33,,,0
1019,'1463293',2121,,13,33,,,0
1019,'1463297',1221,,14,33,,,0
1019,'1463310',1151,,15,33,,,0
1019,'1463321',851,,16,33,,,0
1019,'1463333',1251,,17,33,,,0
1019,'1463355',621,,18,33,,,0
1019,'1463379',1621,,19,33,,,0
1019,'1463398',2051,,20,33,,,0
1019,'1463405',1651,,21,33,,,0
1019,'1463416',1321,,22,33,,,0
1019,'1463417',821,,23,33,,,0
1019,'1463455',2021,,24,33,,,0
1019,'1463456',1021,,25,33,,,0
1019,'1463466',2151,,26,33,,,0
1019,'1463493',1951,,27,33,,,0
1019,'1463502',651,,28,33,,,0
1019,'1463503',951,,29,33,,,0
1019,'1463511',1751,,30,33,,,0
1019,'1463515',721,,31,33,,,0
1019,'1463529',921,,32,33,,,0
