2019,'1475659',610,,33,16,,,0
2019,'1475660',640,,34,16,,,0
2019,'1475661',710,,35,16,,,0
2019,'1475662',740,,36,16,,,0
2019,'1475663',810,,37,16,,,0
2019,'1475664',840,,38,16,,,0
2019,'1475665',910,,39,16,,,0
2019,'1475666',940,,40,16,,,0
2019,'1475667',1010,,41,16,,,0
2019,'1475668',1040,,42,16,,,0
2019,'1475669',1110,,43,16,,,0
2019,'1475670',1140,,44,16,,,0
2019,'1475671',1210,,45,16,,,0
2019,'1475672',1240,,46,16,,,0
2019,'1475673',1310,,47,16,,,0
2019,'1475674',1340,,48,16,,,0
2019,'1475675',1410,,49,16,,,0
2019,'1475676',1440,,50,16,,,0
2019,'1475677',1510,,51,16,,,0
2019,'1475678',1540,,52,16,,,0
2019,'1475679',1610,,53,16,,,0
2019,'1475680',1640,,54,16,,,0
2019,'1475681',1710,,55,16,,,0
2019,'1475682',1740,,56,16,,,0
2019,'1475683',1810,,57,16,,,0
2019,'1475684',1840,,58,16,,,0
2019,'1475685',1910,,59,16,,,0
2019,'1475686',1940,,60,16,,,0
2019,'1475687',2010,,61,16,,,0
2019,'1475688',2040,,62,16,,,0
2019,'1475689',2110,,63,16,,,0
2019,'1475690',2140,,64,16,,,0
8019,'1282156',737,,225,12,,,0
