6019,'1412378',2018,,161,38,,,0
6019,'1412574',2148,,162,38,,,0
6019,'1412586',1118,,163,38,,,0
6019,'1412633',1918,,164,38,,,0
6019,'1412654',1948,,165,38,,,0
6019,'1412663',1448,,166,38,,,0
6019,'1412719',948,,167,38,,,0
6019,'1412861',848,,168,38,,,0
6019,'1412867',718,,169,38,,,0
6019,'1412927',1718,,170,38,,,0
6019,'1413018',1148,,171,38,,,0
6019,'1413058',1318,,172,38,,,0
6019,'1413074',618,,173,38,,,0
6019,'1413172',1348,,174,38,,,0
6019,'1413173',2048,,175,38,,,0
6019,'1413188',2118,,176,38,,,0
6019,'1413228',1418,,177,38,,,0
6019,'1413263',1018,,178,38,,,0
6019,'1413307',648,,179,38,,,0
6019,'1413432',1818,,180,38,,,0
6019,'1413444',748,,181,38,,,0
6019,'1413514',1848,,182,38,,,0
6019,'1413572',1048,,183,38,,,0
6019,'1413697',1218,,184,38,,,0
6019,'1413715',918,,185,38,,,0
6019,'1413733',1548,,186,38,,,0
6019,'1413791',1648,,187,38,,,0
6019,'1413807',818,,188,38,,,0
6019,'1413860',1248,,189,38,,,0
6019,'1413872',1518,,190,38,,,0
6019,'1413914',1618,,191,38,,,0
6019,'1413976',1748,,192,38,,,0
10029,'1309124',815,,229,34,,,0
