5019,'1279336',2120,,129,40,,,0
5019,'1279360',1650,,130,40,,,0
5019,'1279724',1250,,131,40,,,0
5019,'1279909',1120,,132,40,,,0
5019,'1279968',950,,133,40,,,0
5019,'1280159',1950,,134,40,,,0
5019,'1280196',2020,,135,40,,,0
5019,'1280528',1620,,136,40,,,0
5019,'1280538',820,,137,40,,,0
5019,'1280597',920,,138,40,,,0
5019,'1280704',1320,,139,40,,,0
5019,'1280767',850,,140,40,,,0
5019,'1280939',620,,141,40,,,0
5019,'1281159',1720,,142,40,,,0
5019,'1281496',1150,,143,40,,,0
5019,'1281614',1550,,144,40,,,0
5019,'1281867',1920,,145,40,,,0
5019,'1281892',2150,,146,40,,,0
5019,'1281918',1020,,147,40,,,0
5019,'1281954',1820,,148,40,,,0
5019,'1282080',2050,,149,40,,,0
5019,'1282121',1850,,150,40,,,0
5019,'1282311',1220,,151,40,,,0
5019,'1282695',720,,152,40,,,0
5019,'1282785',650,,153,40,,,0
5019,'1282876',1450,,154,40,,,0
5019,'1283012',1520,,155,40,,,0
5019,'1283201',1750,,156,40,,,0
5019,'1283397',1420,,157,40,,,0
5019,'1283530',750,,158,40,,,0
5019,'1283849',1350,,159,40,,,0
5019,'1284100',1050,,160,40,,,0
8019,'1309753',817,,226,39,,,0
