5019,'1279336',2119,,129,38,,,0
5019,'1279360',1649,,130,38,,,0
5019,'1279724',1249,,131,38,,,0
5019,'1279909',1119,,132,38,,,0
5019,'1279968',949,,133,38,,,0
5019,'1280159',1949,,134,38,,,0
5019,'1280196',2019,,135,38,,,0
5019,'1280528',1619,,136,38,,,0
5019,'1280538',819,,137,38,,,0
5019,'1280597',919,,138,38,,,0
5019,'1280704',1319,,139,38,,,0
5019,'1280767',849,,140,38,,,0
5019,'1280939',619,,141,38,,,0
5019,'1281159',1719,,142,38,,,0
5019,'1281496',1149,,143,38,,,0
5019,'1281614',1549,,144,38,,,0
5019,'1281867',1919,,145,38,,,0
5019,'1281892',2149,,146,38,,,0
5019,'1281918',1019,,147,38,,,0
5019,'1281954',1819,,148,38,,,0
5019,'1282080',2049,,149,38,,,0
5019,'1282121',1849,,150,38,,,0
5019,'1282311',1219,,151,38,,,0
5019,'1282695',719,,152,38,,,0
5019,'1282785',649,,153,38,,,0
5019,'1282876',1449,,154,38,,,0
5019,'1283012',1519,,155,38,,,0
5019,'1283201',1749,,156,38,,,0
5019,'1283397',1419,,157,38,,,0
5019,'1283530',749,,158,38,,,0
5019,'1283849',1349,,159,38,,,0
5019,'1284100',1049,,160,38,,,0
8019,'1309753',816,,226,37,,,0
