1019,'1463114',1508,,1,11,,,0
1019,'1463124',1808,,2,11,,,0
1019,'1463129',738,,3,11,,,0
1019,'1463141',1338,,4,11,,,0
1019,'1463166',1108,,5,11,,,0
1019,'1463175',1038,,6,11,,,0
1019,'1463193',1538,,7,11,,,0
1019,'1463219',1908,,8,11,,,0
1019,'1463224',1408,,9,11,,,0
1019,'1463236',1438,,10,11,,,0
1019,'1463263',1838,,11,11,,,0
1019,'1463272',1708,,12,11,,,0
1019,'1463293',2108,,13,11,,,0
1019,'1463297',1208,,14,11,,,0
1019,'1463310',1138,,15,11,,,0
1019,'1463321',838,,16,11,,,0
1019,'1463333',1238,,17,11,,,0
1019,'1463355',608,,18,11,,,0
1019,'1463379',1608,,19,11,,,0
1019,'1463398',2038,,20,11,,,0
1019,'1463405',1638,,21,11,,,0
1019,'1463416',1308,,22,11,,,0
1019,'1463417',808,,23,11,,,0
1019,'1463455',2008,,24,11,,,0
1019,'1463456',1008,,25,11,,,0
1019,'1463466',2138,,26,11,,,0
1019,'1463493',1938,,27,11,,,0
1019,'1463502',638,,28,11,,,0
1019,'1463503',938,,29,11,,,0
1019,'1463511',1738,,30,11,,,0
1019,'1463515',708,,31,11,,,0
1019,'1463529',908,,32,11,,,0
8019,'1309753',826,,226,48,,,0
8019,'1309755',1503,3,227,2,,,0
10029,'1309124',823,,229,41,,,0
10029,'1309218',1502,2,230,2,,,0
