5019,'1279336',2106,,129,12,,,0
5019,'1279360',1636,,130,12,,,0
5019,'1279724',1236,,131,12,,,0
5019,'1279909',1106,,132,12,,,0
5019,'1279968',936,,133,12,,,0
5019,'1280159',1936,,134,12,,,0
5019,'1280196',2006,,135,12,,,0
5019,'1280528',1606,,136,12,,,0
5019,'1280538',806,,137,12,,,0
5019,'1280597',906,,138,12,,,0
5019,'1280704',1306,,139,12,,,0
5019,'1280767',836,,140,12,,,0
5019,'1280939',606,,141,12,,,0
5019,'1281159',1706,,142,12,,,0
5019,'1281496',1136,,143,12,,,0
5019,'1281614',1536,,144,12,,,0
5019,'1281867',1906,,145,12,,,0
5019,'1281892',2136,,146,12,,,0
5019,'1281918',1006,,147,12,,,0
5019,'1281954',1806,,148,12,,,0
5019,'1282080',2036,,149,12,,,0
5019,'1282121',1836,,150,12,,,0
5019,'1282311',1206,,151,12,,,0
5019,'1282695',706,,152,12,,,0
5019,'1282785',636,,153,12,,,0
5019,'1282876',1436,,154,12,,,0
5019,'1283012',1506,,155,12,,,0
5019,'1283201',1736,,156,12,,,0
5019,'1283397',1406,,157,12,,,0
5019,'1283530',736,,158,12,,,0
5019,'1283849',1336,,159,12,,,0
5019,'1284100',1036,,160,12,,,0
8019,'1309753',804,,226,12,,,0
