4019,'1279123',1442,,97,21,,,0
4019,'1279171',712,,98,21,,,0
4019,'1279191',912,,99,21,,,0
4019,'1279351',2042,,100,21,,,0
4019,'1279362',1842,,101,21,,,0
4019,'1279469',1342,,102,21,,,0
4019,'1279906',2012,,103,21,,,0
4019,'1280189',742,,104,21,,,0
4019,'1280192',1042,,105,21,,,0
4019,'1280293',842,,106,21,,,0
4019,'1280507',1942,,107,21,,,0
4019,'1280838',1712,,108,21,,,0
4019,'1280921',1212,,109,21,,,0
4019,'1281220',612,,110,21,,,0
4019,'1281330',1612,,111,21,,,0
4019,'1281387',2142,,112,21,,,0
4019,'1281529',1012,,113,21,,,0
4019,'1281609',812,,114,21,,,0
4019,'1281636',1912,,115,21,,,0
4019,'1281937',1312,,116,21,,,0
4019,'1282104',1512,,117,21,,,0
4019,'1282143',1742,,118,21,,,0
4019,'1282256',942,,119,21,,,0
4019,'1282401',1812,,120,21,,,0
4019,'1282483',1142,,121,21,,,0
4019,'1282867',1112,,122,21,,,0
4019,'1282877',1542,,123,21,,,0
4019,'1283160',1242,,124,21,,,0
4019,'1283459',642,,125,21,,,0
4019,'1283542',1642,,126,21,,,0
4019,'1283577',1412,,127,21,,,0
4019,'1283657',2112,,128,21,,,0
10019,'1280418',739,,228,17,,,0
