3019,'1497228',604,,248,6,,,0
3019,'1497229',634,,249,6,,,0
3019,'1497230',704,,250,6,,,0
3019,'1497231',734,,251,6,,,0
3019,'1497232',804,,252,6,,,0
3019,'1497233',834,,253,6,,,0
3019,'1497234',904,,254,6,,,0
3019,'1497235',934,,255,6,,,0
3019,'1497236',1004,,256,6,,,0
3019,'1497237',1034,,257,6,,,0
3019,'1497238',1104,,258,6,,,0
3019,'1497239',1134,,259,6,,,0
3019,'1497240',1204,,260,6,,,0
3019,'1497241',1234,,261,6,,,0
3019,'1497242',1304,,262,6,,,0
3019,'1497243',1334,,263,6,,,0
3019,'1497244',1404,,264,6,,,0
3019,'1497245',1434,,265,6,,,0
3019,'1497246',1504,,266,6,,,0
3019,'1497247',1534,,267,6,,,0
3019,'1497248',1604,,268,6,,,0
3019,'1497249',1634,,269,6,,,0
3019,'1497250',1704,,270,6,,,0
3019,'1497251',1734,,271,6,,,0
3019,'1497252',1804,,272,6,,,0
3019,'1497253',1834,,273,6,,,0
3019,'1497254',1904,,274,6,,,0
3019,'1497255',1934,,275,6,,,0
3019,'1497256',2004,,276,6,,,0
3019,'1497257',2034,,277,6,,,0
3019,'1497258',2104,,278,6,,,0
3019,'1497259',2134,,279,6,,,0
