6019,'1412378',2012,,161,22,,,0
6019,'1412574',2142,,162,22,,,0
6019,'1412586',1112,,163,22,,,0
6019,'1412633',1912,,164,22,,,0
6019,'1412654',1942,,165,22,,,0
6019,'1412663',1442,,166,22,,,0
6019,'1412719',942,,167,22,,,0
6019,'1412861',842,,168,22,,,0
6019,'1412867',712,,169,22,,,0
6019,'1412927',1712,,170,22,,,0
6019,'1413018',1142,,171,22,,,0
6019,'1413058',1312,,172,22,,,0
6019,'1413074',612,,173,22,,,0
6019,'1413172',1342,,174,22,,,0
6019,'1413173',2042,,175,22,,,0
6019,'1413188',2112,,176,22,,,0
6019,'1413228',1412,,177,22,,,0
6019,'1413263',1012,,178,22,,,0
6019,'1413307',642,,179,22,,,0
6019,'1413432',1812,,180,22,,,0
6019,'1413444',742,,181,22,,,0
6019,'1413514',1842,,182,22,,,0
6019,'1413572',1042,,183,22,,,0
6019,'1413697',1212,,184,22,,,0
6019,'1413715',912,,185,22,,,0
6019,'1413733',1542,,186,22,,,0
6019,'1413791',1642,,187,22,,,0
6019,'1413807',812,,188,22,,,0
6019,'1413860',1242,,189,22,,,0
6019,'1413872',1512,,190,22,,,0
6019,'1413914',1612,,191,22,,,0
6019,'1413976',1742,,192,22,,,0
10029,'1309124',810,,229,21,,,0
