7019,'1400344',1731,,193,3,,,0
7019,'1400361',801,,194,3,,,0
7019,'1400396',601,,195,3,,,0
7019,'1400410',1131,,196,3,,,0
7019,'1400427',631,,197,3,,,0
7019,'1400428',1201,,198,3,,,0
7019,'1400533',2001,,199,3,,,0
7019,'1400589',1901,,200,3,,,0
7019,'1400639',831,,201,3,,,0
7019,'1400662',1601,,202,3,,,0
7019,'1400683',931,,203,3,,,0
7019,'1400688',1801,,204,3,,,0
7019,'1400738',1101,,205,3,,,0
7019,'1400743',901,,206,3,,,0
7019,'1400763',1501,,207,3,,,0
7019,'1400766',2101,,208,3,,,0
7019,'1400797',1831,,209,3,,,0
7019,'1400808',1331,,210,3,,,0
7019,'1400818',1931,,211,3,,,0
7019,'1400821',1701,,212,3,,,0
7019,'1400822',1001,,213,3,,,0
7019,'1400845',2131,,214,3,,,0
7019,'1400859',701,,215,3,,,0
7019,'1400866',1631,,216,3,,,0
7019,'1400880',1401,,217,3,,,0
7019,'1400906',731,,218,3,,,0
7019,'1400929',1531,,219,3,,,0
7019,'1400945',2031,,220,3,,,0
7019,'1400947',1431,,221,3,,,0
7019,'1400962',1031,,222,3,,,0
7019,'1400973',1231,,223,3,,,0
7019,'1400992',1301,,224,3,,,0
