4019,'1279123',1456,,97,41,,,0
4019,'1279171',726,,98,41,,,0
4019,'1279191',926,,99,41,,,0
4019,'1279351',2056,,100,41,,,0
4019,'1279362',1856,,101,41,,,0
4019,'1279469',1356,,102,41,,,0
4019,'1279906',2026,,103,41,,,0
4019,'1280189',756,,104,41,,,0
4019,'1280192',1056,,105,41,,,0
4019,'1280293',856,,106,41,,,0
4019,'1280507',1956,,107,41,,,0
4019,'1280838',1726,,108,41,,,0
4019,'1280921',1226,,109,41,,,0
4019,'1281220',626,,110,41,,,0
4019,'1281330',1626,,111,41,,,0
4019,'1281387',2155,,112,41,,,0
4019,'1281529',1026,,113,41,,,0
4019,'1281609',826,,114,41,,,0
4019,'1281636',1926,,115,41,,,0
4019,'1281937',1326,,116,41,,,0
4019,'1282104',1526,,117,41,,,0
4019,'1282143',1756,,118,41,,,0
4019,'1282256',956,,119,41,,,0
4019,'1282401',1826,,120,41,,,0
4019,'1282483',1156,,121,41,,,0
4019,'1282867',1126,,122,41,,,0
4019,'1282877',1556,,123,41,,,0
4019,'1283160',1256,,124,41,,,0
4019,'1283459',656,,125,41,,,0
4019,'1283542',1656,,126,41,,,0
4019,'1283577',1426,,127,41,,,0
4019,'1283657',2126,,128,41,,,0
