2019,'1475659',619,,33,30,,,0
2019,'1475660',649,,34,30,,,0
2019,'1475661',719,,35,30,,,0
2019,'1475662',749,,36,30,,,0
2019,'1475663',819,,37,30,,,0
2019,'1475664',849,,38,30,,,0
2019,'1475665',919,,39,30,,,0
2019,'1475666',949,,40,30,,,0
2019,'1475667',1019,,41,30,,,0
2019,'1475668',1049,,42,30,,,0
2019,'1475669',1119,,43,30,,,0
2019,'1475670',1149,,44,30,,,0
2019,'1475671',1219,,45,30,,,0
2019,'1475672',1249,,46,30,,,0
2019,'1475673',1319,,47,30,,,0
2019,'1475674',1349,,48,30,,,0
2019,'1475675',1419,,49,30,,,0
2019,'1475676',1449,,50,30,,,0
2019,'1475677',1519,,51,30,,,0
2019,'1475678',1549,,52,30,,,0
2019,'1475679',1619,,53,30,,,0
2019,'1475680',1649,,54,30,,,0
2019,'1475681',1719,,55,30,,,0
2019,'1475682',1749,,56,30,,,0
2019,'1475683',1819,,57,30,,,0
2019,'1475684',1849,,58,30,,,0
2019,'1475685',1919,,59,30,,,0
2019,'1475686',1949,,60,30,,,0
2019,'1475687',2019,,61,30,,,0
2019,'1475688',2049,,62,30,,,0
2019,'1475689',2119,,63,30,,,0
2019,'1475690',2149,,64,30,,,0
