3019,'1497228',610,,248,15,,,0
3019,'1497229',640,,249,15,,,0
3019,'1497230',710,,250,15,,,0
3019,'1497231',740,,251,15,,,0
3019,'1497232',810,,252,15,,,0
3019,'1497233',840,,253,15,,,0
3019,'1497234',910,,254,15,,,0
3019,'1497235',940,,255,15,,,0
3019,'1497236',1010,,256,15,,,0
3019,'1497237',1040,,257,15,,,0
3019,'1497238',1110,,258,15,,,0
3019,'1497239',1140,,259,15,,,0
3019,'1497240',1210,,260,15,,,0
3019,'1497241',1240,,261,15,,,0
3019,'1497242',1310,,262,15,,,0
3019,'1497243',1340,,263,15,,,0
3019,'1497244',1410,,264,15,,,0
3019,'1497245',1440,,265,15,,,0
3019,'1497246',1510,,266,15,,,0
3019,'1497247',1540,,267,15,,,0
3019,'1497248',1610,,268,15,,,0
3019,'1497249',1640,,269,15,,,0
3019,'1497250',1710,,270,15,,,0
3019,'1497251',1740,,271,15,,,0
3019,'1497252',1810,,272,15,,,0
3019,'1497253',1840,,273,15,,,0
3019,'1497254',1910,,274,15,,,0
3019,'1497255',1940,,275,15,,,0
3019,'1497256',2010,,276,15,,,0
3019,'1497257',2040,,277,15,,,0
3019,'1497258',2110,,278,15,,,0
3019,'1497259',2140,,279,15,,,0
