7019,'1400344',1747,,193,29,,,0
7019,'1400361',817,,194,29,,,0
7019,'1400396',617,,195,29,,,0
7019,'1400410',1147,,196,29,,,0
7019,'1400427',647,,197,29,,,0
7019,'1400428',1217,,198,29,,,0
7019,'1400533',2017,,199,29,,,0
7019,'1400589',1917,,200,29,,,0
7019,'1400639',847,,201,29,,,0
7019,'1400662',1617,,202,29,,,0
7019,'1400683',947,,203,29,,,0
7019,'1400688',1817,,204,29,,,0
7019,'1400738',1117,,205,29,,,0
7019,'1400743',917,,206,29,,,0
7019,'1400763',1517,,207,29,,,0
7019,'1400766',2117,,208,29,,,0
7019,'1400797',1847,,209,29,,,0
7019,'1400808',1347,,210,29,,,0
7019,'1400818',1947,,211,29,,,0
7019,'1400821',1717,,212,29,,,0
7019,'1400822',1017,,213,29,,,0
7019,'1400845',2147,,214,29,,,0
7019,'1400859',717,,215,29,,,0
7019,'1400866',1647,,216,29,,,0
7019,'1400880',1417,,217,29,,,0
7019,'1400906',747,,218,29,,,0
7019,'1400929',1547,,219,29,,,0
7019,'1400945',2047,,220,29,,,0
7019,'1400947',1447,,221,29,,,0
7019,'1400962',1047,,222,29,,,0
7019,'1400973',1247,,223,29,,,0
7019,'1400992',1317,,224,29,,,0
