3019,'1497228',617,,248,28,,,0
3019,'1497229',647,,249,28,,,0
3019,'1497230',717,,250,28,,,0
3019,'1497231',747,,251,28,,,0
3019,'1497232',817,,252,28,,,0
3019,'1497233',847,,253,28,,,0
3019,'1497234',917,,254,28,,,0
3019,'1497235',947,,255,28,,,0
3019,'1497236',1017,,256,28,,,0
3019,'1497237',1047,,257,28,,,0
3019,'1497238',1117,,258,28,,,0
3019,'1497239',1147,,259,28,,,0
3019,'1497240',1217,,260,28,,,0
3019,'1497241',1247,,261,28,,,0
3019,'1497242',1317,,262,28,,,0
3019,'1497243',1347,,263,28,,,0
3019,'1497244',1417,,264,28,,,0
3019,'1497245',1447,,265,28,,,0
3019,'1497246',1517,,266,28,,,0
3019,'1497247',1547,,267,28,,,0
3019,'1497248',1617,,268,28,,,0
3019,'1497249',1647,,269,28,,,0
3019,'1497250',1717,,270,28,,,0
3019,'1497251',1747,,271,28,,,0
3019,'1497252',1817,,272,28,,,0
3019,'1497253',1847,,273,28,,,0
3019,'1497254',1917,,274,28,,,0
3019,'1497255',1947,,275,28,,,0
3019,'1497256',2017,,276,28,,,0
3019,'1497257',2047,,277,28,,,0
3019,'1497258',2117,,278,28,,,0
3019,'1497259',2147,,279,28,,,0
