7019,'1400344',1738,,193,13,,,0
7019,'1400361',808,,194,13,,,0
7019,'1400396',608,,195,13,,,0
7019,'1400410',1138,,196,13,,,0
7019,'1400427',638,,197,13,,,0
7019,'1400428',1208,,198,13,,,0
7019,'1400533',2008,,199,13,,,0
7019,'1400589',1908,,200,13,,,0
7019,'1400639',838,,201,13,,,0
7019,'1400662',1608,,202,13,,,0
7019,'1400683',938,,203,13,,,0
7019,'1400688',1808,,204,13,,,0
7019,'1400738',1108,,205,13,,,0
7019,'1400743',908,,206,13,,,0
7019,'1400763',1508,,207,13,,,0
7019,'1400766',2108,,208,13,,,0
7019,'1400797',1838,,209,13,,,0
7019,'1400808',1338,,210,13,,,0
7019,'1400818',1938,,211,13,,,0
7019,'1400821',1708,,212,13,,,0
7019,'1400822',1008,,213,13,,,0
7019,'1400845',2138,,214,13,,,0
7019,'1400859',708,,215,13,,,0
7019,'1400866',1638,,216,13,,,0
7019,'1400880',1408,,217,13,,,0
7019,'1400906',738,,218,13,,,0
7019,'1400929',1538,,219,13,,,0
7019,'1400945',2038,,220,13,,,0
7019,'1400947',1438,,221,13,,,0
7019,'1400962',1038,,222,13,,,0
7019,'1400973',1238,,223,13,,,0
7019,'1400992',1308,,224,13,,,0
