2019,'1475659',605,,33,7,,,0
2019,'1475660',635,,34,7,,,0
2019,'1475661',705,,35,7,,,0
2019,'1475662',735,,36,7,,,0
2019,'1475663',805,,37,7,,,0
2019,'1475664',835,,38,7,,,0
2019,'1475665',905,,39,7,,,0
2019,'1475666',935,,40,7,,,0
2019,'1475667',1005,,41,7,,,0
2019,'1475668',1035,,42,7,,,0
2019,'1475669',1105,,43,7,,,0
2019,'1475670',1135,,44,7,,,0
2019,'1475671',1205,,45,7,,,0
2019,'1475672',1235,,46,7,,,0
2019,'1475673',1305,,47,7,,,0
2019,'1475674',1335,,48,7,,,0
2019,'1475675',1405,,49,7,,,0
2019,'1475676',1435,,50,7,,,0
2019,'1475677',1505,,51,7,,,0
2019,'1475678',1535,,52,7,,,0
2019,'1475679',1605,,53,7,,,0
2019,'1475680',1635,,54,7,,,0
2019,'1475681',1705,,55,7,,,0
2019,'1475682',1735,,56,7,,,0
2019,'1475683',1805,,57,7,,,0
2019,'1475684',1835,,58,7,,,0
2019,'1475685',1905,,59,7,,,0
2019,'1475686',1935,,60,7,,,0
2019,'1475687',2005,,61,7,,,0
2019,'1475688',2035,,62,7,,,0
2019,'1475689',2105,,63,7,,,0
2019,'1475690',2135,,64,7,,,0
8019,'1282156',732,,225,7,,,0
