1019,1001,1,0,0
1019,1041,2,0,0
1019,1042,3,0,0
1019,1043,4,0,0
1019,1044,5,0,0
1019,1045,6,0,0
1019,1046,7,0,0
1019,1047,8,0,0
1019,1048,9,0,0
1019,1049,10,0,0
1019,1050,11,0,0
1019,1051,12,0,0
1019,1052,13,0,0
1019,1053,14,0,0
1019,1054,15,0,0
1019,1055,16,0,0
1019,1056,17,0,0
1019,1057,18,0,0
1019,1358,19,0,0
1019,1058,20,0,0
1019,1059,21,0,0
1019,1060,22,0,0
1019,1061,23,0,0
1019,1062,24,0,0
1019,1063,25,0,0
1019,1065,26,0,0
1019,1066,27,0,0
1019,1067,28,0,0
1019,1068,29,0,0
1019,1069,30,0,0
1019,1070,31,0,0
1019,1071,32,0,0
1019,1072,33,0,0
1019,1073,34,0,0
1019,1074,35,0,0
1019,1075,36,0,0
1019,1076,37,0,0
1019,1077,38,0,0
2019,1001,1,0,0
2019,1242,2,0,0
2019,1243,3,0,0
2019,1244,4,0,0
2019,1245,5,0,0
2019,1246,6,0,0
2019,1247,7,0,0
2019,1248,8,0,0
2019,1249,9,0,0
2019,1250,10,0,0
2019,1251,11,0,0
2019,1252,12,0,0
2019,1253,13,0,0
2019,1254,14,0,0
2019,1255,15,0,0
2019,1256,16,0,0
2019,1259,17,0,0
2019,1260,18,0,0
2019,1261,19,0,0
2019,1262,20,0,0
2019,1263,21,0,0
2019,1264,22,0,0
2019,1265,23,0,0
2019,1266,24,0,0
2019,1267,25,0,0
2019,1268,26,0,0
2019,1269,27,0,0
2019,1270,28,0,0
2019,1258,29,0,0
2019,1271,30,0,0
2019,1272,31,0,0
2019,1273,32,0,0
2019,1274,33,0,0
2019,1275,34,0,0
2019,1276,35,0,0
2019,1277,36,0,0
2019,1114,37,0,0
2019,1115,38,0,0
3019,1001,1,0,0
3019,1041,2,0,0
3019,1078,3,0,0
3019,1079,4,0,0
3019,1080,5,0,0
3019,1081,6,0,0
3019,1082,7,0,0
3019,1084,8,0,0
3019,1085,9,0,0
3019,1086,10,0,0
3019,1087,11,0,0
3019,1088,12,0,0
3019,1357,13,0,0
3019,1505,14,0,0
3019,1089,15,0,0
3019,1090,16,0,0
3019,1091,17,0,0
3019,1092,18,0,0
3019,1093,19,0,0
3019,1280,20,0,0
3019,1094,21,0,0
3019,1095,22,0,0
3019,1096,23,0,0
3019,1097,24,0,0
3019,1098,25,0,0
3019,1099,26,0,0
3019,1100,27,0,0
3019,1101,28,0,0
3019,1102,29,0,0
3019,1103,30,0,0
3019,1104,31,0,0
3019,1105,32,0,0
3019,1106,33,0,0
3019,1107,34,0,0
3019,1108,35,0,0
3019,1109,36,0,0
3019,1110,37,0,0
3019,1111,38,0,0
3019,1112,39,0,0
3019,1113,40,0,0
3019,1114,41,0,0
3019,1115,42,0,0
4019,1001,1,0,0
4019,1116,2,0,0
4019,1117,3,0,0
4019,1118,4,0,0
4019,1119,5,0,0
4019,1120,6,0,0
4019,1121,7,0,0
4019,1122,8,0,0
4019,1123,9,0,0
4019,1124,10,0,0
4019,1356,11,0,0
4019,1125,12,0,0
4019,1126,13,0,0
4019,1127,14,0,0
4019,1128,15,0,0
4019,1129,16,0,0
4019,1130,17,0,0
4019,1131,18,0,0
4019,1132,19,0,0
4019,1133,20,0,0
4019,1134,21,0,0
4019,1135,22,0,0
4019,1136,23,0,0
4019,1137,24,0,0
4019,1138,25,0,0
4019,1139,26,0,0
4019,1140,27,0,0
4019,1141,28,0,0
4019,1142,29,0,0
4019,1143,30,0,0
4019,1144,31,0,0
4019,1145,32,0,0
4019,1146,33,0,0
4019,1147,34,0,0
4019,1148,35,0,0
4019,1149,36,0,0
4019,1283,37,0,0
4019,1151,38,0,0
4019,1152,39,0,0
4019,1153,40,0,0
4019,1154,41,0,0
4019,1077,42,0,0
5019,1001,1,0,0
5019,1291,2,0,0
5019,1195,3,0,0
5019,1196,4,0,0
5019,1197,5,0,0
5019,1198,6,0,0
5019,1199,7,0,0
5019,1200,8,0,0
5019,1201,9,0,0
5019,1202,10,0,0
5019,1203,11,0,0
5019,1204,12,0,0
5019,1205,13,0,0
5019,1207,14,0,0
5019,1208,15,0,0
5019,1209,16,0,0
5019,1210,17,0,0
5019,1211,18,0,0
5019,1212,19,0,0
5019,1213,20,0,0
5019,1214,21,0,0
5019,1215,22,0,0
5019,1216,23,0,0
5019,1217,24,0,0
5019,1218,25,0,0
5019,1219,26,0,0
5019,1220,27,0,0
5019,1221,28,0,0
5019,1222,29,0,0
5019,1223,30,0,0
5019,1224,31,0,0
5019,1225,32,0,0
5019,1299,33,0,0
5019,1226,34,0,0
5019,1227,35,0,0
5019,1228,36,0,0
5019,1229,37,0,0
5019,1230,38,0,0
5019,1231,39,0,0
5019,1232,40,0,0
5019,1233,41,0,0
5019,1234,42,0,0
5019,1235,43,0,0
5019,1236,44,0,0
5019,1237,45,0,0
5019,1238,46,0,0
5019,1239,47,0,0
5019,1240,48,0,0
5019,1115,49,0,0
6019,1001,1,0,0
6019,1155,2,0,0
6019,1156,3,0,0
6019,1157,4,0,0
6019,1158,5,0,0
6019,1159,6,0,0
6019,1160,7,0,0
6019,1161,8,0,0
6019,1162,9,0,0
6019,1163,10,0,0
6019,1355,11,0,0
6019,1164,12,0,0
6019,1165,13,0,0
6019,1166,14,0,0
6019,1167,15,0,0
6019,1168,16,0,0
6019,1169,17,0,0
6019,1290,18,0,0
6019,1170,19,0,0
6019,1172,20,0,0
6019,1173,21,0,0
6019,1281,22,0,0
6019,1039,23,0,0
6019,1040,24,0,0
6019,1037,25,0,0
6019,1174,26,0,0
6019,1175,27,0,0
6019,1176,28,0,0
6019,1177,29,0,0
6019,1178,30,0,0
6019,1179,31,0,0
6019,1180,32,0,0
6019,1181,33,0,0
6019,1182,34,0,0
6019,1183,35,0,0
6019,1184,36,0,0
6019,1185,37,0,0
6019,1186,38,0,0
6019,1187,39,0,0
6019,1188,40,0,0
6019,1189,41,0,0
6019,1190,42,0,0
6019,1191,43,0,0
6019,1192,44,0,0
6019,1193,45,0,0
7019,1001,1,0,0
7019,1002,2,0,0
7019,1003,3,0,0
7019,1004,4,0,0
7019,1005,5,0,0
7019,1006,6,0,0
7019,1007,7,0,0
7019,1008,8,0,0
7019,1009,9,0,0
7019,1010,10,0,0
7019,1011,11,0,0
7019,1012,12,0,0
7019,1013,13,0,0
7019,1301,14,0,0
7019,1014,15,0,0
7019,1015,16,0,0
7019,1016,17,0,0
7019,1017,18,0,0
7019,1018,19,0,0
7019,1019,20,0,0
7019,1020,21,0,0
7019,1021,22,0,0
7019,1022,23,0,0
7019,1023,24,0,0
7019,1024,25,0,0
7019,1359,26,0,0
7019,1025,27,0,0
7019,1026,28,0,0
7019,1027,29,0,0
7019,1028,30,0,0
7019,1029,31,0,0
7019,1030,32,0,0
7019,1031,33,0,0
7019,1032,34,0,0
7019,1033,35,0,0
7019,1034,36,0,0
7019,1035,37,0,0
7019,1036,38,0,0
7019,1193,39,0,0
8019,1000,1,0,0
8019,1001,2,0,0
8019,1242,3,0,0
8019,1243,4,0,0
8019,1244,5,0,0
8019,1245,6,0,0
8019,1246,7,0,0
8019,1247,8,0,0
8019,1248,9,0,0
8019,1249,10,0,0
8019,1250,11,0,0
8019,1255,12,0,0
8019,1256,13,0,0
8019,1259,14,0,0
8019,1265,15,0,0
8019,1266,16,0,0
8019,1267,17,0,0
8019,1268,18,0,0
8019,1291,19,0,0
8019,1195,20,0,0
8019,1196,21,0,0
8019,1197,22,0,0
8019,1198,23,0,0
8019,1199,24,0,0
8019,1200,25,0,0
8019,1201,26,0,0
8019,1202,27,0,0
8019,1203,28,0,0
8019,1204,29,0,0
8019,1205,30,0,0
8019,1207,31,0,0
8019,1208,32,0,0
8019,1209,33,0,0
8019,1210,34,0,0
8019,1211,35,0,0
8019,1212,36,0,0
8019,1213,37,0,0
8019,1214,38,0,0
8019,1215,39,0,0
8019,1216,40,0,0
8019,1217,41,0,0
8019,1218,42,0,0
8019,1219,43,0,0
8019,1220,44,0,0
8019,1221,45,0,0
8019,1222,46,0,0
8019,1223,47,0,0
8019,1224,48,0,0
8019,1225,49,0,0
8019,1226,50,0,0
8019,1227,51,0,0
8019,1228,52,0,0
8019,1229,53,0,0
8019,1230,54,0,0
8019,1231,55,0,0
8019,1232,56,0,0
8019,1233,57,0,0
8019,1234,58,0,0
8019,1235,59,0,0
8019,1236,60,0,0
8019,1237,61,0,0
8019,1238,62,0,0
8019,1239,63,0,0
8019,1240,64,0,0
8019,1050,65,0,0
8019,1051,66,0,0
8019,1274,67,0,0
8019,1275,68,0,0
8019,1276,69,0,0
8019,1277,70,0,0
8019,1114,71,0,0
8019,1115,72,0,0
10019,1001,1,0,0
10019,1116,2,0,0
10019,1117,3,0,0
10019,1118,4,0,0
10019,1119,5,0,0
10019,1120,6,0,0
10019,1121,7,0,0
10019,1122,8,0,0
10019,1126,9,0,0
10019,1127,10,0,0
10019,1128,11,0,0
10019,1129,12,0,0
10019,1130,13,0,0
10019,1131,14,0,0
10019,1132,15,0,0
10019,1133,16,0,0
10019,1134,17,0,0
10019,1135,18,0,0
10019,1136,19,0,0
10019,1137,20,0,0
10019,1138,21,0,0
10019,1139,22,0,0
10019,1140,23,0,0
10019,1141,24,0,0
10019,1142,25,0,0
10019,1143,26,0,0
10019,1144,27,0,0
10019,1145,28,0,0
10019,1146,29,0,0
10019,1147,30,0,0
10019,1148,31,0,0
10019,1149,32,0,0
10019,1283,33,0,0
10019,1151,34,0,0
10019,1152,35,0,0
10019,1153,36,0,0
10019,1077,37,0,0
10029,1000,1,0,0
10029,1050,2,0,0
10029,1051,3,0,0
10029,1076,4,0,0
10029,1001,5,0,0
10029,1155,6,0,0
10029,1156,7,0,0
10029,1157,8,0,0
10029,1158,9,0,0
10029,1159,10,0,0
10029,1160,11,0,0
10029,1161,12,0,0
10029,1162,13,0,0
10029,1163,14,0,0
10029,1164,15,0,0
10029,1165,16,0,0
10029,1166,17,0,0
10029,1167,18,0,0
10029,1168,19,0,0
10029,1169,20,0,0
10029,1290,21,0,0
10029,1170,22,0,0
10029,1172,23,0,0
10029,1173,24,0,0
10029,1281,25,0,0
10029,1174,26,0,0
10029,1175,27,0,0
10029,1176,28,0,0
10029,1177,29,0,0
10029,1178,30,0,0
10029,1179,31,0,0
10029,1180,32,0,0
10029,1181,33,0,0
10029,1182,34,0,0
10029,1183,35,0,0
10029,1184,36,0,0
10029,1185,37,0,0
10029,1186,38,0,0
10029,1187,39,0,0
10029,1188,40,0,0
10029,1189,41,0,0
10029,1190,42,0,0
10029,1191,43,0,0
10029,1192,44,0,0
11019,1001,1,0,0
11019,1700,2,0,0
11019,1701,3,0,0
11019,1702,4,0,0
11019,1703,5,0,0
12019,1001,1,0,0
12019,1700,2,0,0
12019,1701,3,0,0
12019,1702,4,0,0
12019,1703,5,0,0
