2019,'1475659',604,,33,6,,,0
2019,'1475660',634,,34,6,,,0
2019,'1475661',704,,35,6,,,0
2019,'1475662',734,,36,6,,,0
2019,'1475663',804,,37,6,,,0
2019,'1475664',834,,38,6,,,0
2019,'1475665',904,,39,6,,,0
2019,'1475666',934,,40,6,,,0
2019,'1475667',1004,,41,6,,,0
2019,'1475668',1034,,42,6,,,0
2019,'1475669',1104,,43,6,,,0
2019,'1475670',1134,,44,6,,,0
2019,'1475671',1204,,45,6,,,0
2019,'1475672',1234,,46,6,,,0
2019,'1475673',1304,,47,6,,,0
2019,'1475674',1334,,48,6,,,0
2019,'1475675',1404,,49,6,,,0
2019,'1475676',1434,,50,6,,,0
2019,'1475677',1504,,51,6,,,0
2019,'1475678',1534,,52,6,,,0
2019,'1475679',1604,,53,6,,,0
2019,'1475680',1634,,54,6,,,0
2019,'1475681',1704,,55,6,,,0
2019,'1475682',1734,,56,6,,,0
2019,'1475683',1804,,57,6,,,0
2019,'1475684',1834,,58,6,,,0
2019,'1475685',1904,,59,6,,,0
2019,'1475686',1934,,60,6,,,0
2019,'1475687',2004,,61,6,,,0
2019,'1475688',2034,,62,6,,,0
2019,'1475689',2104,,63,6,,,0
2019,'1475690',2134,,64,6,,,0
8019,'1282156',731,,225,6,,,0
