1019,'1463114',1515,,1,24,,,0
1019,'1463124',1815,,2,24,,,0
1019,'1463129',745,,3,24,,,0
1019,'1463141',1345,,4,24,,,0
1019,'1463166',1115,,5,24,,,0
1019,'1463175',1045,,6,24,,,0
1019,'1463193',1545,,7,24,,,0
1019,'1463219',1915,,8,24,,,0
1019,'1463224',1415,,9,24,,,0
1019,'1463236',1445,,10,24,,,0
1019,'1463263',1845,,11,24,,,0
1019,'1463272',1715,,12,24,,,0
1019,'1463293',2115,,13,24,,,0
1019,'1463297',1215,,14,24,,,0
1019,'1463310',1145,,15,24,,,0
1019,'1463321',845,,16,24,,,0
1019,'1463333',1245,,17,24,,,0
1019,'1463355',615,,18,24,,,0
1019,'1463379',1615,,19,24,,,0
1019,'1463398',2045,,20,24,,,0
1019,'1463405',1645,,21,24,,,0
1019,'1463416',1315,,22,24,,,0
1019,'1463417',815,,23,24,,,0
1019,'1463455',2015,,24,24,,,0
1019,'1463456',1015,,25,24,,,0
1019,'1463466',2145,,26,24,,,0
1019,'1463493',1945,,27,24,,,0
1019,'1463502',645,,28,24,,,0
1019,'1463503',945,,29,24,,,0
1019,'1463511',1745,,30,24,,,0
1019,'1463515',715,,31,24,,,0
1019,'1463529',915,,32,24,,,0
