6019,'1412378',2011,,161,21,,,0
6019,'1412574',2141,,162,21,,,0
6019,'1412586',1111,,163,21,,,0
6019,'1412633',1911,,164,21,,,0
6019,'1412654',1941,,165,21,,,0
6019,'1412663',1441,,166,21,,,0
6019,'1412719',941,,167,21,,,0
6019,'1412861',841,,168,21,,,0
6019,'1412867',711,,169,21,,,0
6019,'1412927',1711,,170,21,,,0
6019,'1413018',1141,,171,21,,,0
6019,'1413058',1311,,172,21,,,0
6019,'1413074',611,,173,21,,,0
6019,'1413172',1341,,174,21,,,0
6019,'1413173',2041,,175,21,,,0
6019,'1413188',2111,,176,21,,,0
6019,'1413228',1411,,177,21,,,0
6019,'1413263',1011,,178,21,,,0
6019,'1413307',641,,179,21,,,0
6019,'1413432',1811,,180,21,,,0
6019,'1413444',741,,181,21,,,0
6019,'1413514',1841,,182,21,,,0
6019,'1413572',1041,,183,21,,,0
6019,'1413697',1211,,184,21,,,0
6019,'1413715',911,,185,21,,,0
6019,'1413733',1541,,186,21,,,0
6019,'1413791',1641,,187,21,,,0
6019,'1413807',811,,188,21,,,0
6019,'1413860',1241,,189,21,,,0
6019,'1413872',1511,,190,21,,,0
6019,'1413914',1611,,191,21,,,0
6019,'1413976',1741,,192,21,,,0
10029,'1309124',809,,229,20,,,0
