7019,'1400344',1739,,193,14,,,0
7019,'1400361',809,,194,14,,,0
7019,'1400396',609,,195,14,,,0
7019,'1400410',1139,,196,14,,,0
7019,'1400427',639,,197,14,,,0
7019,'1400428',1209,,198,14,,,0
7019,'1400533',2009,,199,14,,,0
7019,'1400589',1909,,200,14,,,0
7019,'1400639',839,,201,14,,,0
7019,'1400662',1609,,202,14,,,0
7019,'1400683',939,,203,14,,,0
7019,'1400688',1809,,204,14,,,0
7019,'1400738',1109,,205,14,,,0
7019,'1400743',909,,206,14,,,0
7019,'1400763',1509,,207,14,,,0
7019,'1400766',2109,,208,14,,,0
7019,'1400797',1839,,209,14,,,0
7019,'1400808',1339,,210,14,,,0
7019,'1400818',1939,,211,14,,,0
7019,'1400821',1709,,212,14,,,0
7019,'1400822',1009,,213,14,,,0
7019,'1400845',2139,,214,14,,,0
7019,'1400859',709,,215,14,,,0
7019,'1400866',1639,,216,14,,,0
7019,'1400880',1409,,217,14,,,0
7019,'1400906',739,,218,14,,,0
7019,'1400929',1539,,219,14,,,0
7019,'1400945',2039,,220,14,,,0
7019,'1400947',1439,,221,14,,,0
7019,'1400962',1039,,222,14,,,0
7019,'1400973',1239,,223,14,,,0
7019,'1400992',1309,,224,14,,,0
