6019,'1412378',2005,,161,8,,,0
6019,'1412574',2135,,162,8,,,0
6019,'1412586',1105,,163,8,,,0
6019,'1412633',1905,,164,8,,,0
6019,'1412654',1935,,165,8,,,0
6019,'1412663',1435,,166,8,,,0
6019,'1412719',935,,167,8,,,0
6019,'1412861',835,,168,8,,,0
6019,'1412867',705,,169,8,,,0
6019,'1412927',1705,,170,8,,,0
6019,'1413018',1135,,171,8,,,0
6019,'1413058',1305,,172,8,,,0
6019,'1413074',605,,173,8,,,0
6019,'1413172',1335,,174,8,,,0
6019,'1413173',2035,,175,8,,,0
6019,'1413188',2105,,176,8,,,0
6019,'1413228',1405,,177,8,,,0
6019,'1413263',1005,,178,8,,,0
6019,'1413307',635,,179,8,,,0
6019,'1413432',1805,,180,8,,,0
6019,'1413444',735,,181,8,,,0
6019,'1413514',1835,,182,8,,,0
6019,'1413572',1035,,183,8,,,0
6019,'1413697',1205,,184,8,,,0
6019,'1413715',905,,185,8,,,0
6019,'1413733',1535,,186,8,,,0
6019,'1413791',1635,,187,8,,,0
6019,'1413807',805,,188,8,,,0
6019,'1413860',1235,,189,8,,,0
6019,'1413872',1505,,190,8,,,0
6019,'1413914',1605,,191,8,,,0
6019,'1413976',1735,,192,8,,,0
10029,'1309124',803,,229,8,,,0
