4019,'1279123',1441,,97,19,,,0
4019,'1279171',711,,98,19,,,0
4019,'1279191',911,,99,19,,,0
4019,'1279351',2041,,100,19,,,0
4019,'1279362',1841,,101,19,,,0
4019,'1279469',1341,,102,19,,,0
4019,'1279906',2011,,103,19,,,0
4019,'1280189',741,,104,19,,,0
4019,'1280192',1041,,105,19,,,0
4019,'1280293',841,,106,19,,,0
4019,'1280507',1941,,107,19,,,0
4019,'1280838',1711,,108,19,,,0
4019,'1280921',1211,,109,19,,,0
4019,'1281220',611,,110,19,,,0
4019,'1281330',1611,,111,19,,,0
4019,'1281387',2141,,112,19,,,0
4019,'1281529',1011,,113,19,,,0
4019,'1281609',811,,114,19,,,0
4019,'1281636',1911,,115,19,,,0
4019,'1281937',1311,,116,19,,,0
4019,'1282104',1511,,117,19,,,0
4019,'1282143',1741,,118,19,,,0
4019,'1282256',941,,119,19,,,0
4019,'1282401',1811,,120,19,,,0
4019,'1282483',1141,,121,19,,,0
4019,'1282867',1111,,122,19,,,0
4019,'1282877',1541,,123,19,,,0
4019,'1283160',1241,,124,19,,,0
4019,'1283459',641,,125,19,,,0
4019,'1283542',1641,,126,19,,,0
4019,'1283577',1411,,127,19,,,0
4019,'1283657',2111,,128,19,,,0
10019,'1280418',738,,228,15,,,0
