3019,'1497228',614,,248,19,,,0
3019,'1497229',643,,249,19,,,0
3019,'1497230',714,,250,19,,,0
3019,'1497231',744,,251,19,,,0
3019,'1497232',814,,252,19,,,0
3019,'1497233',844,,253,19,,,0
3019,'1497234',914,,254,19,,,0
3019,'1497235',944,,255,19,,,0
3019,'1497236',1014,,256,19,,,0
3019,'1497237',1044,,257,19,,,0
3019,'1497238',1114,,258,19,,,0
3019,'1497239',1144,,259,19,,,0
3019,'1497240',1214,,260,19,,,0
3019,'1497241',1244,,261,19,,,0
3019,'1497242',1314,,262,19,,,0
3019,'1497243',1344,,263,19,,,0
3019,'1497244',1414,,264,19,,,0
3019,'1497245',1444,,265,19,,,0
3019,'1497246',1514,,266,19,,,0
3019,'1497247',1544,,267,19,,,0
3019,'1497248',1614,,268,19,,,0
3019,'1497249',1644,,269,19,,,0
3019,'1497250',1714,,270,19,,,0
3019,'1497251',1744,,271,19,,,0
3019,'1497252',1814,,272,19,,,0
3019,'1497253',1844,,273,19,,,0
3019,'1497254',1914,,274,19,,,0
3019,'1497255',1944,,275,19,,,0
3019,'1497256',2014,,276,19,,,0
3019,'1497257',2044,,277,19,,,0
3019,'1497258',2114,,278,19,,,0
3019,'1497259',2144,,279,19,,,0
