4019,'1279123',1451,,97,34,,,0
4019,'1279171',721,,98,34,,,0
4019,'1279191',921,,99,34,,,0
4019,'1279351',2051,,100,34,,,0
4019,'1279362',1851,,101,34,,,0
4019,'1279469',1351,,102,34,,,0
4019,'1279906',2021,,103,34,,,0
4019,'1280189',751,,104,34,,,0
4019,'1280192',1051,,105,34,,,0
4019,'1280293',851,,106,34,,,0
4019,'1280507',1951,,107,34,,,0
4019,'1280838',1721,,108,34,,,0
4019,'1280921',1221,,109,34,,,0
4019,'1281220',621,,110,34,,,0
4019,'1281330',1621,,111,34,,,0
4019,'1281387',2151,,112,34,,,0
4019,'1281529',1021,,113,34,,,0
4019,'1281609',821,,114,34,,,0
4019,'1281636',1921,,115,34,,,0
4019,'1281937',1321,,116,34,,,0
4019,'1282104',1521,,117,34,,,0
4019,'1282143',1751,,118,34,,,0
4019,'1282256',951,,119,34,,,0
4019,'1282401',1821,,120,34,,,0
4019,'1282483',1151,,121,34,,,0
4019,'1282867',1121,,122,34,,,0
4019,'1282877',1551,,123,34,,,0
4019,'1283160',1251,,124,34,,,0
4019,'1283459',651,,125,34,,,0
4019,'1283542',1651,,126,34,,,0
4019,'1283577',1421,,127,34,,,0
4019,'1283657',2121,,128,34,,,0
10019,'1280418',747,,228,30,,,0
