4019,'1279123',1430,,97,2,,,0
4019,'1279171',700,,98,2,,,0
4019,'1279191',900,,99,2,,,0
4019,'1279351',2030,,100,2,,,0
4019,'1279362',1830,,101,2,,,0
4019,'1279469',1330,,102,2,,,0
4019,'1279906',2000,,103,2,,,0
4019,'1280189',730,,104,2,,,0
4019,'1280192',1030,,105,2,,,0
4019,'1280293',830,,106,2,,,0
4019,'1280507',1930,,107,2,,,0
4019,'1280838',1700,,108,2,,,0
4019,'1280921',1200,,109,2,,,0
4019,'1281220',600,,110,2,,,0
4019,'1281330',1600,,111,2,,,0
4019,'1281387',2130,,112,2,,,0
4019,'1281529',1000,,113,2,,,0
4019,'1281609',800,,114,2,,,0
4019,'1281636',1900,,115,2,,,0
4019,'1281937',1300,,116,2,,,0
4019,'1282104',1500,,117,2,,,0
4019,'1282143',1730,,118,2,,,0
4019,'1282256',930,,119,2,,,0
4019,'1282401',1800,,120,2,,,0
4019,'1282483',1130,,121,2,,,0
4019,'1282867',1100,,122,2,,,0
4019,'1282877',1530,,123,2,,,0
4019,'1283160',1230,,124,2,,,0
4019,'1283459',630,,125,2,,,0
4019,'1283542',1630,,126,2,,,0
4019,'1283577',1400,,127,2,,,0
4019,'1283657',2100,,128,2,,,0
10019,'1280418',728,,228,2,,,0
