4019,'1279123',1433,,97,5,,,0
4019,'1279171',703,,98,5,,,0
4019,'1279191',903,,99,5,,,0
4019,'1279351',2033,,100,5,,,0
4019,'1279362',1833,,101,5,,,0
4019,'1279469',1333,,102,5,,,0
4019,'1279906',2003,,103,5,,,0
4019,'1280189',733,,104,5,,,0
4019,'1280192',1033,,105,5,,,0
4019,'1280293',833,,106,5,,,0
4019,'1280507',1933,,107,5,,,0
4019,'1280838',1703,,108,5,,,0
4019,'1280921',1203,,109,5,,,0
4019,'1281220',603,,110,5,,,0
4019,'1281330',1603,,111,5,,,0
4019,'1281387',2133,,112,5,,,0
4019,'1281529',1003,,113,5,,,0
4019,'1281609',803,,114,5,,,0
4019,'1281636',1903,,115,5,,,0
4019,'1281937',1303,,116,5,,,0
4019,'1282104',1503,,117,5,,,0
4019,'1282143',1733,,118,5,,,0
4019,'1282256',933,,119,5,,,0
4019,'1282401',1803,,120,5,,,0
4019,'1282483',1133,,121,5,,,0
4019,'1282867',1103,,122,5,,,0
4019,'1282877',1533,,123,5,,,0
4019,'1283160',1233,,124,5,,,0
4019,'1283459',633,,125,5,,,0
4019,'1283542',1633,,126,5,,,0
4019,'1283577',1403,,127,5,,,0
4019,'1283657',2103,,128,5,,,0
10019,'1280418',730,,228,5,,,0
