4019,'1279123',1449,,97,31,,,0
4019,'1279171',719,,98,31,,,0
4019,'1279191',919,,99,31,,,0
4019,'1279351',2049,,100,31,,,0
4019,'1279362',1849,,101,31,,,0
4019,'1279469',1349,,102,31,,,0
4019,'1279906',2019,,103,31,,,0
4019,'1280189',749,,104,31,,,0
4019,'1280192',1049,,105,31,,,0
4019,'1280293',849,,106,31,,,0
4019,'1280507',1949,,107,31,,,0
4019,'1280838',1719,,108,31,,,0
4019,'1280921',1219,,109,31,,,0
4019,'1281220',619,,110,31,,,0
4019,'1281330',1619,,111,31,,,0
4019,'1281387',2149,,112,31,,,0
4019,'1281529',1019,,113,31,,,0
4019,'1281609',819,,114,31,,,0
4019,'1281636',1919,,115,31,,,0
4019,'1281937',1319,,116,31,,,0
4019,'1282104',1519,,117,31,,,0
4019,'1282143',1749,,118,31,,,0
4019,'1282256',949,,119,31,,,0
4019,'1282401',1819,,120,31,,,0
4019,'1282483',1149,,121,31,,,0
4019,'1282867',1119,,122,31,,,0
4019,'1282877',1549,,123,31,,,0
4019,'1283160',1249,,124,31,,,0
4019,'1283459',649,,125,31,,,0
4019,'1283542',1649,,126,31,,,0
4019,'1283577',1419,,127,31,,,0
4019,'1283657',2119,,128,31,,,0
10019,'1280418',746,,228,27,,,0
