3019,'1497228',612,,248,17,,,0
3019,'1497229',641,,249,17,,,0
3019,'1497230',712,,250,17,,,0
3019,'1497231',742,,251,17,,,0
3019,'1497232',812,,252,17,,,0
3019,'1497233',842,,253,17,,,0
3019,'1497234',912,,254,17,,,0
3019,'1497235',942,,255,17,,,0
3019,'1497236',1012,,256,17,,,0
3019,'1497237',1042,,257,17,,,0
3019,'1497238',1112,,258,17,,,0
3019,'1497239',1142,,259,17,,,0
3019,'1497240',1212,,260,17,,,0
3019,'1497241',1242,,261,17,,,0
3019,'1497242',1312,,262,17,,,0
3019,'1497243',1342,,263,17,,,0
3019,'1497244',1412,,264,17,,,0
3019,'1497245',1442,,265,17,,,0
3019,'1497246',1512,,266,17,,,0
3019,'1497247',1542,,267,17,,,0
3019,'1497248',1612,,268,17,,,0
3019,'1497249',1642,,269,17,,,0
3019,'1497250',1712,,270,17,,,0
3019,'1497251',1742,,271,17,,,0
3019,'1497252',1812,,272,17,,,0
3019,'1497253',1842,,273,17,,,0
3019,'1497254',1912,,274,17,,,0
3019,'1497255',1942,,275,17,,,0
3019,'1497256',2012,,276,17,,,0
3019,'1497257',2042,,277,17,,,0
3019,'1497258',2112,,278,17,,,0
3019,'1497259',2142,,279,17,,,0
