7019,'1400344',1736,,193,10,,,0
7019,'1400361',806,,194,10,,,0
7019,'1400396',606,,195,10,,,0
7019,'1400410',1136,,196,10,,,0
7019,'1400427',636,,197,10,,,0
7019,'1400428',1206,,198,10,,,0
7019,'1400533',2006,,199,10,,,0
7019,'1400589',1906,,200,10,,,0
7019,'1400639',836,,201,10,,,0
7019,'1400662',1606,,202,10,,,0
7019,'1400683',936,,203,10,,,0
7019,'1400688',1806,,204,10,,,0
7019,'1400738',1106,,205,10,,,0
7019,'1400743',906,,206,10,,,0
7019,'1400763',1506,,207,10,,,0
7019,'1400766',2106,,208,10,,,0
7019,'1400797',1836,,209,10,,,0
7019,'1400808',1336,,210,10,,,0
7019,'1400818',1936,,211,10,,,0
7019,'1400821',1706,,212,10,,,0
7019,'1400822',1006,,213,10,,,0
7019,'1400845',2136,,214,10,,,0
7019,'1400859',706,,215,10,,,0
7019,'1400866',1636,,216,10,,,0
7019,'1400880',1406,,217,10,,,0
7019,'1400906',736,,218,10,,,0
7019,'1400929',1536,,219,10,,,0
7019,'1400945',2036,,220,10,,,0
7019,'1400947',1436,,221,10,,,0
7019,'1400962',1036,,222,10,,,0
7019,'1400973',1236,,223,10,,,0
7019,'1400992',1306,,224,10,,,0
