2019,'1475659',616,,33,24,,,0
2019,'1475660',646,,34,24,,,0
2019,'1475661',716,,35,24,,,0
2019,'1475662',746,,36,24,,,0
2019,'1475663',816,,37,24,,,0
2019,'1475664',846,,38,24,,,0
2019,'1475665',916,,39,24,,,0
2019,'1475666',946,,40,24,,,0
2019,'1475667',1016,,41,24,,,0
2019,'1475668',1046,,42,24,,,0
2019,'1475669',1116,,43,24,,,0
2019,'1475670',1146,,44,24,,,0
2019,'1475671',1216,,45,24,,,0
2019,'1475672',1246,,46,24,,,0
2019,'1475673',1316,,47,24,,,0
2019,'1475674',1346,,48,24,,,0
2019,'1475675',1416,,49,24,,,0
2019,'1475676',1446,,50,24,,,0
2019,'1475677',1516,,51,24,,,0
2019,'1475678',1546,,52,24,,,0
2019,'1475679',1616,,53,24,,,0
2019,'1475680',1646,,54,24,,,0
2019,'1475681',1716,,55,24,,,0
2019,'1475682',1746,,56,24,,,0
2019,'1475683',1816,,57,24,,,0
2019,'1475684',1846,,58,24,,,0
2019,'1475685',1916,,59,24,,,0
2019,'1475686',1946,,60,24,,,0
2019,'1475687',2016,,61,24,,,0
2019,'1475688',2046,,62,24,,,0
2019,'1475689',2116,,63,24,,,0
2019,'1475690',2146,,64,24,,,0
8019,'1282156',740,,225,15,,,0
