5019,'1279336',2120,,129,39,,,0
5019,'1279360',1650,,130,39,,,0
5019,'1279724',1250,,131,39,,,0
5019,'1279909',1120,,132,39,,,0
5019,'1279968',950,,133,39,,,0
5019,'1280159',1950,,134,39,,,0
5019,'1280196',2020,,135,39,,,0
5019,'1280528',1620,,136,39,,,0
5019,'1280538',820,,137,39,,,0
5019,'1280597',920,,138,39,,,0
5019,'1280704',1320,,139,39,,,0
5019,'1280767',850,,140,39,,,0
5019,'1280939',620,,141,39,,,0
5019,'1281159',1720,,142,39,,,0
5019,'1281496',1150,,143,39,,,0
5019,'1281614',1550,,144,39,,,0
5019,'1281867',1920,,145,39,,,0
5019,'1281892',2150,,146,39,,,0
5019,'1281918',1020,,147,39,,,0
5019,'1281954',1820,,148,39,,,0
5019,'1282080',2050,,149,39,,,0
5019,'1282121',1850,,150,39,,,0
5019,'1282311',1220,,151,39,,,0
5019,'1282695',720,,152,39,,,0
5019,'1282785',650,,153,39,,,0
5019,'1282876',1450,,154,39,,,0
5019,'1283012',1520,,155,39,,,0
5019,'1283201',1750,,156,39,,,0
5019,'1283397',1420,,157,39,,,0
5019,'1283530',750,,158,39,,,0
5019,'1283849',1350,,159,39,,,0
5019,'1284100',1050,,160,39,,,0
8019,'1309753',817,,226,38,,,0
