4019,'1279123',1450,,97,33,,,0
4019,'1279171',720,,98,33,,,0
4019,'1279191',920,,99,33,,,0
4019,'1279351',2050,,100,33,,,0
4019,'1279362',1850,,101,33,,,0
4019,'1279469',1350,,102,33,,,0
4019,'1279906',2020,,103,33,,,0
4019,'1280189',750,,104,33,,,0
4019,'1280192',1050,,105,33,,,0
4019,'1280293',850,,106,33,,,0
4019,'1280507',1950,,107,33,,,0
4019,'1280838',1720,,108,33,,,0
4019,'1280921',1220,,109,33,,,0
4019,'1281220',620,,110,33,,,0
4019,'1281330',1620,,111,33,,,0
4019,'1281387',2150,,112,33,,,0
4019,'1281529',1020,,113,33,,,0
4019,'1281609',820,,114,33,,,0
4019,'1281636',1920,,115,33,,,0
4019,'1281937',1320,,116,33,,,0
4019,'1282104',1520,,117,33,,,0
4019,'1282143',1750,,118,33,,,0
4019,'1282256',950,,119,33,,,0
4019,'1282401',1820,,120,33,,,0
4019,'1282483',1150,,121,33,,,0
4019,'1282867',1120,,122,33,,,0
4019,'1282877',1550,,123,33,,,0
4019,'1283160',1250,,124,33,,,0
4019,'1283459',650,,125,33,,,0
4019,'1283542',1650,,126,33,,,0
4019,'1283577',1420,,127,33,,,0
4019,'1283657',2120,,128,33,,,0
10019,'1280418',747,,228,29,,,0
