1019,'1463114',1510,,1,14,,,0
1019,'1463124',1810,,2,14,,,0
1019,'1463129',740,,3,14,,,0
1019,'1463141',1340,,4,14,,,0
1019,'1463166',1110,,5,14,,,0
1019,'1463175',1040,,6,14,,,0
1019,'1463193',1540,,7,14,,,0
1019,'1463219',1910,,8,14,,,0
1019,'1463224',1410,,9,14,,,0
1019,'1463236',1440,,10,14,,,0
1019,'1463263',1840,,11,14,,,0
1019,'1463272',1710,,12,14,,,0
1019,'1463293',2110,,13,14,,,0
1019,'1463297',1210,,14,14,,,0
1019,'1463310',1140,,15,14,,,0
1019,'1463321',840,,16,14,,,0
1019,'1463333',1240,,17,14,,,0
1019,'1463355',610,,18,14,,,0
1019,'1463379',1610,,19,14,,,0
1019,'1463398',2040,,20,14,,,0
1019,'1463405',1640,,21,14,,,0
1019,'1463416',1310,,22,14,,,0
1019,'1463417',810,,23,14,,,0
1019,'1463455',2010,,24,14,,,0
1019,'1463456',1010,,25,14,,,0
1019,'1463466',2140,,26,14,,,0
1019,'1463493',1940,,27,14,,,0
1019,'1463502',640,,28,14,,,0
1019,'1463503',940,,29,14,,,0
1019,'1463511',1740,,30,14,,,0
1019,'1463515',710,,31,14,,,0
1019,'1463529',910,,32,14,,,0
