7019,'1400344',1752,,193,35,,,0
7019,'1400361',822,,194,35,,,0
7019,'1400396',622,,195,35,,,0
7019,'1400410',1152,,196,35,,,0
7019,'1400427',652,,197,35,,,0
7019,'1400428',1222,,198,35,,,0
7019,'1400533',2022,,199,35,,,0
7019,'1400589',1922,,200,35,,,0
7019,'1400639',852,,201,35,,,0
7019,'1400662',1622,,202,35,,,0
7019,'1400683',952,,203,35,,,0
7019,'1400688',1822,,204,35,,,0
7019,'1400738',1122,,205,35,,,0
7019,'1400743',922,,206,35,,,0
7019,'1400763',1522,,207,35,,,0
7019,'1400766',2122,,208,35,,,0
7019,'1400797',1852,,209,35,,,0
7019,'1400808',1352,,210,35,,,0
7019,'1400818',1952,,211,35,,,0
7019,'1400821',1722,,212,35,,,0
7019,'1400822',1022,,213,35,,,0
7019,'1400845',2151,,214,35,,,0
7019,'1400859',722,,215,35,,,0
7019,'1400866',1652,,216,35,,,0
7019,'1400880',1422,,217,35,,,0
7019,'1400906',752,,218,35,,,0
7019,'1400929',1552,,219,35,,,0
7019,'1400945',2052,,220,35,,,0
7019,'1400947',1452,,221,35,,,0
7019,'1400962',1052,,222,35,,,0
7019,'1400973',1252,,223,35,,,0
7019,'1400992',1322,,224,35,,,0
