7019,'1400344',1746,,193,27,,,0
7019,'1400361',816,,194,27,,,0
7019,'1400396',616,,195,27,,,0
7019,'1400410',1146,,196,27,,,0
7019,'1400427',646,,197,27,,,0
7019,'1400428',1216,,198,27,,,0
7019,'1400533',2016,,199,27,,,0
7019,'1400589',1916,,200,27,,,0
7019,'1400639',846,,201,27,,,0
7019,'1400662',1616,,202,27,,,0
7019,'1400683',946,,203,27,,,0
7019,'1400688',1816,,204,27,,,0
7019,'1400738',1116,,205,27,,,0
7019,'1400743',916,,206,27,,,0
7019,'1400763',1516,,207,27,,,0
7019,'1400766',2116,,208,27,,,0
7019,'1400797',1846,,209,27,,,0
7019,'1400808',1346,,210,27,,,0
7019,'1400818',1946,,211,27,,,0
7019,'1400821',1716,,212,27,,,0
7019,'1400822',1016,,213,27,,,0
7019,'1400845',2146,,214,27,,,0
7019,'1400859',716,,215,27,,,0
7019,'1400866',1646,,216,27,,,0
7019,'1400880',1416,,217,27,,,0
7019,'1400906',746,,218,27,,,0
7019,'1400929',1546,,219,27,,,0
7019,'1400945',2046,,220,27,,,0
7019,'1400947',1446,,221,27,,,0
7019,'1400962',1046,,222,27,,,0
7019,'1400973',1246,,223,27,,,0
7019,'1400992',1316,,224,27,,,0
