3019,'1497228',618,,248,31,,,0
3019,'1497229',648,,249,31,,,0
3019,'1497230',718,,250,31,,,0
3019,'1497231',748,,251,31,,,0
3019,'1497232',818,,252,31,,,0
3019,'1497233',848,,253,31,,,0
3019,'1497234',918,,254,31,,,0
3019,'1497235',948,,255,31,,,0
3019,'1497236',1018,,256,31,,,0
3019,'1497237',1048,,257,31,,,0
3019,'1497238',1118,,258,31,,,0
3019,'1497239',1148,,259,31,,,0
3019,'1497240',1218,,260,31,,,0
3019,'1497241',1248,,261,31,,,0
3019,'1497242',1318,,262,31,,,0
3019,'1497243',1348,,263,31,,,0
3019,'1497244',1418,,264,31,,,0
3019,'1497245',1448,,265,31,,,0
3019,'1497246',1518,,266,31,,,0
3019,'1497247',1548,,267,31,,,0
3019,'1497248',1618,,268,31,,,0
3019,'1497249',1648,,269,31,,,0
3019,'1497250',1718,,270,31,,,0
3019,'1497251',1748,,271,31,,,0
3019,'1497252',1818,,272,31,,,0
3019,'1497253',1848,,273,31,,,0
3019,'1497254',1918,,274,31,,,0
3019,'1497255',1948,,275,31,,,0
3019,'1497256',2018,,276,31,,,0
3019,'1497257',2048,,277,31,,,0
3019,'1497258',2118,,278,31,,,0
3019,'1497259',2148,,279,31,,,0
