6019,'1412378',2019,,161,40,,,0
6019,'1412574',2149,,162,40,,,0
6019,'1412586',1119,,163,40,,,0
6019,'1412633',1919,,164,40,,,0
6019,'1412654',1949,,165,40,,,0
6019,'1412663',1449,,166,40,,,0
6019,'1412719',949,,167,40,,,0
6019,'1412861',849,,168,40,,,0
6019,'1412867',719,,169,40,,,0
6019,'1412927',1719,,170,40,,,0
6019,'1413018',1149,,171,40,,,0
6019,'1413058',1319,,172,40,,,0
6019,'1413074',619,,173,40,,,0
6019,'1413172',1349,,174,40,,,0
6019,'1413173',2049,,175,40,,,0
6019,'1413188',2119,,176,40,,,0
6019,'1413228',1419,,177,40,,,0
6019,'1413263',1019,,178,40,,,0
6019,'1413307',649,,179,40,,,0
6019,'1413432',1819,,180,40,,,0
6019,'1413444',749,,181,40,,,0
6019,'1413514',1849,,182,40,,,0
6019,'1413572',1049,,183,40,,,0
6019,'1413697',1219,,184,40,,,0
6019,'1413715',919,,185,40,,,0
6019,'1413733',1549,,186,40,,,0
6019,'1413791',1649,,187,40,,,0
6019,'1413807',819,,188,40,,,0
6019,'1413860',1249,,189,40,,,0
6019,'1413872',1519,,190,40,,,0
6019,'1413914',1619,,191,40,,,0
6019,'1413976',1749,,192,40,,,0
10029,'1309124',816,,229,36,,,0
