1019,'1463114',1526,,1,38,,,0
1019,'1463124',1826,,2,38,,,0
1019,'1463129',756,,3,38,,,0
1019,'1463141',1356,,4,38,,,0
1019,'1463166',1126,,5,38,,,0
1019,'1463175',1056,,6,38,,,0
1019,'1463193',1556,,7,38,,,0
1019,'1463219',1926,,8,38,,,0
1019,'1463224',1426,,9,38,,,0
1019,'1463236',1456,,10,38,,,0
1019,'1463263',1856,,11,38,,,0
1019,'1463272',1726,,12,38,,,0
1019,'1463293',2126,,13,38,,,0
1019,'1463297',1226,,14,38,,,0
1019,'1463310',1156,,15,38,,,0
1019,'1463321',856,,16,38,,,0
1019,'1463333',1256,,17,38,,,0
1019,'1463355',626,,18,38,,,0
1019,'1463379',1626,,19,38,,,0
1019,'1463398',2056,,20,38,,,0
1019,'1463405',1656,,21,38,,,0
1019,'1463416',1326,,22,38,,,0
1019,'1463417',826,,23,38,,,0
1019,'1463455',2026,,24,38,,,0
1019,'1463456',1026,,25,38,,,0
1019,'1463466',2155,,26,38,,,0
1019,'1463493',1956,,27,38,,,0
1019,'1463502',656,,28,38,,,0
1019,'1463503',956,,29,38,,,0
1019,'1463511',1756,,30,38,,,0
1019,'1463515',726,,31,38,,,0
1019,'1463529',926,,32,38,,,0
4019,'1279123',1457,,97,42,,,0
4019,'1279171',727,,98,42,,,0
4019,'1279191',927,,99,42,,,0
4019,'1279351',2057,,100,42,,,0
4019,'1279362',1857,,101,42,,,0
4019,'1279469',1357,,102,42,,,0
4019,'1279906',2027,,103,42,,,0
4019,'1280189',757,,104,42,,,0
4019,'1280192',1057,,105,42,,,0
4019,'1280293',857,,106,42,,,0
4019,'1280507',1957,,107,42,,,0
4019,'1280838',1727,,108,42,,,0
4019,'1280921',1227,,109,42,,,0
4019,'1281220',627,,110,42,,,0
4019,'1281330',1627,,111,42,,,0
4019,'1281387',2155,,112,42,,,0
4019,'1281529',1027,,113,42,,,0
4019,'1281609',827,,114,42,,,0
4019,'1281636',1927,,115,42,,,0
4019,'1281937',1327,,116,42,,,0
4019,'1282104',1527,,117,42,,,0
4019,'1282143',1757,,118,42,,,0
4019,'1282256',957,,119,42,,,0
4019,'1282401',1827,,120,42,,,0
4019,'1282483',1157,,121,42,,,0
4019,'1282867',1127,,122,42,,,0
4019,'1282877',1557,,123,42,,,0
4019,'1283160',1257,,124,42,,,0
4019,'1283459',657,,125,42,,,0
4019,'1283542',1657,,126,42,,,0
4019,'1283577',1427,,127,42,,,0
4019,'1283657',2127,,128,42,,,0
10019,'1280418',750,,228,37,,,0
