2019,'1475659',615,,33,22,,,0
2019,'1475660',645,,34,22,,,0
2019,'1475661',715,,35,22,,,0
2019,'1475662',745,,36,22,,,0
2019,'1475663',815,,37,22,,,0
2019,'1475664',845,,38,22,,,0
2019,'1475665',915,,39,22,,,0
2019,'1475666',945,,40,22,,,0
2019,'1475667',1015,,41,22,,,0
2019,'1475668',1045,,42,22,,,0
2019,'1475669',1115,,43,22,,,0
2019,'1475670',1145,,44,22,,,0
2019,'1475671',1215,,45,22,,,0
2019,'1475672',1245,,46,22,,,0
2019,'1475673',1315,,47,22,,,0
2019,'1475674',1345,,48,22,,,0
2019,'1475675',1415,,49,22,,,0
2019,'1475676',1445,,50,22,,,0
2019,'1475677',1515,,51,22,,,0
2019,'1475678',1545,,52,22,,,0
2019,'1475679',1615,,53,22,,,0
2019,'1475680',1645,,54,22,,,0
2019,'1475681',1715,,55,22,,,0
2019,'1475682',1745,,56,22,,,0
2019,'1475683',1815,,57,22,,,0
2019,'1475684',1845,,58,22,,,0
2019,'1475685',1915,,59,22,,,0
2019,'1475686',1945,,60,22,,,0
2019,'1475687',2015,,61,22,,,0
2019,'1475688',2045,,62,22,,,0
2019,'1475689',2115,,63,22,,,0
2019,'1475690',2145,,64,22,,,0
