1019,'1463114',1509,,1,13,,,0
1019,'1463124',1809,,2,13,,,0
1019,'1463129',739,,3,13,,,0
1019,'1463141',1339,,4,13,,,0
1019,'1463166',1109,,5,13,,,0
1019,'1463175',1039,,6,13,,,0
1019,'1463193',1539,,7,13,,,0
1019,'1463219',1909,,8,13,,,0
1019,'1463224',1409,,9,13,,,0
1019,'1463236',1439,,10,13,,,0
1019,'1463263',1839,,11,13,,,0
1019,'1463272',1709,,12,13,,,0
1019,'1463293',2109,,13,13,,,0
1019,'1463297',1209,,14,13,,,0
1019,'1463310',1139,,15,13,,,0
1019,'1463321',839,,16,13,,,0
1019,'1463333',1239,,17,13,,,0
1019,'1463355',609,,18,13,,,0
1019,'1463379',1609,,19,13,,,0
1019,'1463398',2039,,20,13,,,0
1019,'1463405',1639,,21,13,,,0
1019,'1463416',1309,,22,13,,,0
1019,'1463417',809,,23,13,,,0
1019,'1463455',2009,,24,13,,,0
1019,'1463456',1009,,25,13,,,0
1019,'1463466',2139,,26,13,,,0
1019,'1463493',1939,,27,13,,,0
1019,'1463502',639,,28,13,,,0
1019,'1463503',939,,29,13,,,0
1019,'1463511',1739,,30,13,,,0
1019,'1463515',709,,31,13,,,0
1019,'1463529',909,,32,13,,,0
