4019,'1279123',1447,,97,29,,,0
4019,'1279171',717,,98,29,,,0
4019,'1279191',917,,99,29,,,0
4019,'1279351',2047,,100,29,,,0
4019,'1279362',1847,,101,29,,,0
4019,'1279469',1347,,102,29,,,0
4019,'1279906',2017,,103,29,,,0
4019,'1280189',747,,104,29,,,0
4019,'1280192',1047,,105,29,,,0
4019,'1280293',847,,106,29,,,0
4019,'1280507',1947,,107,29,,,0
4019,'1280838',1717,,108,29,,,0
4019,'1280921',1217,,109,29,,,0
4019,'1281220',617,,110,29,,,0
4019,'1281330',1617,,111,29,,,0
4019,'1281387',2147,,112,29,,,0
4019,'1281529',1017,,113,29,,,0
4019,'1281609',817,,114,29,,,0
4019,'1281636',1917,,115,29,,,0
4019,'1281937',1317,,116,29,,,0
4019,'1282104',1517,,117,29,,,0
4019,'1282143',1747,,118,29,,,0
4019,'1282256',947,,119,29,,,0
4019,'1282401',1817,,120,29,,,0
4019,'1282483',1147,,121,29,,,0
4019,'1282867',1117,,122,29,,,0
4019,'1282877',1547,,123,29,,,0
4019,'1283160',1247,,124,29,,,0
4019,'1283459',647,,125,29,,,0
4019,'1283542',1647,,126,29,,,0
4019,'1283577',1417,,127,29,,,0
4019,'1283657',2117,,128,29,,,0
10019,'1280418',744,,228,25,,,0
