1019,'1463114',1523,,1,35,,,0
1019,'1463124',1823,,2,35,,,0
1019,'1463129',753,,3,35,,,0
1019,'1463141',1353,,4,35,,,0
1019,'1463166',1123,,5,35,,,0
1019,'1463175',1053,,6,35,,,0
1019,'1463193',1553,,7,35,,,0
1019,'1463219',1923,,8,35,,,0
1019,'1463224',1423,,9,35,,,0
1019,'1463236',1453,,10,35,,,0
1019,'1463263',1853,,11,35,,,0
1019,'1463272',1723,,12,35,,,0
1019,'1463293',2123,,13,35,,,0
1019,'1463297',1223,,14,35,,,0
1019,'1463310',1153,,15,35,,,0
1019,'1463321',853,,16,35,,,0
1019,'1463333',1253,,17,35,,,0
1019,'1463355',623,,18,35,,,0
1019,'1463379',1623,,19,35,,,0
1019,'1463398',2053,,20,35,,,0
1019,'1463405',1653,,21,35,,,0
1019,'1463416',1323,,22,35,,,0
1019,'1463417',823,,23,35,,,0
1019,'1463455',2023,,24,35,,,0
1019,'1463456',1023,,25,35,,,0
1019,'1463466',2153,,26,35,,,0
1019,'1463493',1953,,27,35,,,0
1019,'1463502',653,,28,35,,,0
1019,'1463503',953,,29,35,,,0
1019,'1463511',1753,,30,35,,,0
1019,'1463515',723,,31,35,,,0
1019,'1463529',923,,32,35,,,0
