3019,'1497228',624,,248,39,,,0
3019,'1497229',655,,249,39,,,0
3019,'1497230',724,,250,39,,,0
3019,'1497231',754,,251,39,,,0
3019,'1497232',824,,252,39,,,0
3019,'1497233',854,,253,39,,,0
3019,'1497234',924,,254,39,,,0
3019,'1497235',954,,255,39,,,0
3019,'1497236',1024,,256,39,,,0
3019,'1497237',1054,,257,39,,,0
3019,'1497238',1124,,258,39,,,0
3019,'1497239',1154,,259,39,,,0
3019,'1497240',1224,,260,39,,,0
3019,'1497241',1254,,261,39,,,0
3019,'1497242',1324,,262,39,,,0
3019,'1497243',1354,,263,39,,,0
3019,'1497244',1424,,264,39,,,0
3019,'1497245',1454,,265,39,,,0
3019,'1497246',1524,,266,39,,,0
3019,'1497247',1554,,267,39,,,0
3019,'1497248',1624,,268,39,,,0
3019,'1497249',1654,,269,39,,,0
3019,'1497250',1724,,270,39,,,0
3019,'1497251',1754,,271,39,,,0
3019,'1497252',1824,,272,39,,,0
3019,'1497253',1854,,273,39,,,0
3019,'1497254',1924,,274,39,,,0
3019,'1497255',1954,,275,39,,,0
3019,'1497256',2024,,276,39,,,0
3019,'1497257',2054,,277,39,,,0
3019,'1497258',2124,,278,39,,,0
3019,'1497259',2154,,279,39,,,0
