5019,'1279336',2121,,129,42,,,0
5019,'1279360',1651,,130,42,,,0
5019,'1279724',1251,,131,42,,,0
5019,'1279909',1121,,132,42,,,0
5019,'1279968',951,,133,42,,,0
5019,'1280159',1951,,134,42,,,0
5019,'1280196',2021,,135,42,,,0
5019,'1280528',1621,,136,42,,,0
5019,'1280538',821,,137,42,,,0
5019,'1280597',921,,138,42,,,0
5019,'1280704',1321,,139,42,,,0
5019,'1280767',851,,140,42,,,0
5019,'1280939',622,,141,42,,,0
5019,'1281159',1721,,142,42,,,0
5019,'1281496',1151,,143,42,,,0
5019,'1281614',1551,,144,42,,,0
5019,'1281867',1921,,145,42,,,0
5019,'1281892',2151,,146,42,,,0
5019,'1281918',1021,,147,42,,,0
5019,'1281954',1821,,148,42,,,0
5019,'1282080',2051,,149,42,,,0
5019,'1282121',1851,,150,42,,,0
5019,'1282311',1221,,151,42,,,0
5019,'1282695',721,,152,42,,,0
5019,'1282785',652,,153,42,,,0
5019,'1282876',1451,,154,42,,,0
5019,'1283012',1521,,155,42,,,0
5019,'1283201',1751,,156,42,,,0
5019,'1283397',1421,,157,42,,,0
5019,'1283530',751,,158,42,,,0
5019,'1283849',1351,,159,42,,,0
5019,'1284100',1051,,160,42,,,0
8019,'1282156',747,,225,25,,,0
8019,'1309753',819,,226,41,,,0
