5019,'1279336',2107,,129,15,,,0
5019,'1279360',1637,,130,15,,,0
5019,'1279724',1237,,131,15,,,0
5019,'1279909',1107,,132,15,,,0
5019,'1279968',937,,133,15,,,0
5019,'1280159',1937,,134,15,,,0
5019,'1280196',2007,,135,15,,,0
5019,'1280528',1607,,136,15,,,0
5019,'1280538',807,,137,15,,,0
5019,'1280597',907,,138,15,,,0
5019,'1280704',1307,,139,15,,,0
5019,'1280767',837,,140,15,,,0
5019,'1280939',607,,141,15,,,0
5019,'1281159',1707,,142,15,,,0
5019,'1281496',1137,,143,15,,,0
5019,'1281614',1537,,144,15,,,0
5019,'1281867',1907,,145,15,,,0
5019,'1281892',2137,,146,15,,,0
5019,'1281918',1007,,147,15,,,0
5019,'1281954',1807,,148,15,,,0
5019,'1282080',2037,,149,15,,,0
5019,'1282121',1837,,150,15,,,0
5019,'1282311',1207,,151,15,,,0
5019,'1282695',707,,152,15,,,0
5019,'1282785',637,,153,15,,,0
5019,'1282876',1437,,154,15,,,0
5019,'1283012',1507,,155,15,,,0
5019,'1283201',1737,,156,15,,,0
5019,'1283397',1407,,157,15,,,0
5019,'1283530',737,,158,15,,,0
5019,'1283849',1337,,159,15,,,0
5019,'1284100',1037,,160,15,,,0
8019,'1309753',805,,226,15,,,0
