1019,'1463114',1525,,1,37,,,0
1019,'1463124',1825,,2,37,,,0
1019,'1463129',755,,3,37,,,0
1019,'1463141',1355,,4,37,,,0
1019,'1463166',1125,,5,37,,,0
1019,'1463175',1055,,6,37,,,0
1019,'1463193',1555,,7,37,,,0
1019,'1463219',1925,,8,37,,,0
1019,'1463224',1425,,9,37,,,0
1019,'1463236',1455,,10,37,,,0
1019,'1463263',1855,,11,37,,,0
1019,'1463272',1725,,12,37,,,0
1019,'1463293',2125,,13,37,,,0
1019,'1463297',1225,,14,37,,,0
1019,'1463310',1155,,15,37,,,0
1019,'1463321',855,,16,37,,,0
1019,'1463333',1255,,17,37,,,0
1019,'1463355',625,,18,37,,,0
1019,'1463379',1625,,19,37,,,0
1019,'1463398',2055,,20,37,,,0
1019,'1463405',1655,,21,37,,,0
1019,'1463416',1325,,22,37,,,0
1019,'1463417',825,,23,37,,,0
1019,'1463455',2025,,24,37,,,0
1019,'1463456',1025,,25,37,,,0
1019,'1463466',2155,,26,37,,,0
1019,'1463493',1955,,27,37,,,0
1019,'1463502',655,,28,37,,,0
1019,'1463503',955,,29,37,,,0
1019,'1463511',1755,,30,37,,,0
1019,'1463515',725,,31,37,,,0
1019,'1463529',925,,32,37,,,0
10029,'1309218',1516,,230,4,,,0
