4019,'1279123',1443,,97,23,,,0
4019,'1279171',713,,98,23,,,0
4019,'1279191',913,,99,23,,,0
4019,'1279351',2043,,100,23,,,0
4019,'1279362',1843,,101,23,,,0
4019,'1279469',1343,,102,23,,,0
4019,'1279906',2013,,103,23,,,0
4019,'1280189',743,,104,23,,,0
4019,'1280192',1043,,105,23,,,0
4019,'1280293',843,,106,23,,,0
4019,'1280507',1943,,107,23,,,0
4019,'1280838',1713,,108,23,,,0
4019,'1280921',1213,,109,23,,,0
4019,'1281220',613,,110,23,,,0
4019,'1281330',1613,,111,23,,,0
4019,'1281387',2143,,112,23,,,0
4019,'1281529',1013,,113,23,,,0
4019,'1281609',813,,114,23,,,0
4019,'1281636',1913,,115,23,,,0
4019,'1281937',1313,,116,23,,,0
4019,'1282104',1513,,117,23,,,0
4019,'1282143',1743,,118,23,,,0
4019,'1282256',943,,119,23,,,0
4019,'1282401',1813,,120,23,,,0
4019,'1282483',1143,,121,23,,,0
4019,'1282867',1113,,122,23,,,0
4019,'1282877',1543,,123,23,,,0
4019,'1283160',1243,,124,23,,,0
4019,'1283459',643,,125,23,,,0
4019,'1283542',1643,,126,23,,,0
4019,'1283577',1413,,127,23,,,0
4019,'1283657',2113,,128,23,,,0
10019,'1280418',740,,228,19,,,0
