6019,'1412378',2016,,161,32,,,0
6019,'1412574',2146,,162,32,,,0
6019,'1412586',1116,,163,32,,,0
6019,'1412633',1916,,164,32,,,0
6019,'1412654',1946,,165,32,,,0
6019,'1412663',1446,,166,32,,,0
6019,'1412719',946,,167,32,,,0
6019,'1412861',846,,168,32,,,0
6019,'1412867',716,,169,32,,,0
6019,'1412927',1716,,170,32,,,0
6019,'1413018',1146,,171,32,,,0
6019,'1413058',1316,,172,32,,,0
6019,'1413074',616,,173,32,,,0
6019,'1413172',1346,,174,32,,,0
6019,'1413173',2046,,175,32,,,0
6019,'1413188',2116,,176,32,,,0
6019,'1413228',1416,,177,32,,,0
6019,'1413263',1016,,178,32,,,0
6019,'1413307',646,,179,32,,,0
6019,'1413432',1816,,180,32,,,0
6019,'1413444',746,,181,32,,,0
6019,'1413514',1846,,182,32,,,0
6019,'1413572',1046,,183,32,,,0
6019,'1413697',1216,,184,32,,,0
6019,'1413715',916,,185,32,,,0
6019,'1413733',1546,,186,32,,,0
6019,'1413791',1646,,187,32,,,0
6019,'1413807',816,,188,32,,,0
6019,'1413860',1246,,189,32,,,0
6019,'1413872',1516,,190,32,,,0
6019,'1413914',1616,,191,32,,,0
6019,'1413976',1746,,192,32,,,0
10029,'1309124',813,,229,28,,,0
