2019,'1475659',611,,33,17,,,0
2019,'1475660',641,,34,17,,,0
2019,'1475661',711,,35,17,,,0
2019,'1475662',741,,36,17,,,0
2019,'1475663',811,,37,17,,,0
2019,'1475664',841,,38,17,,,0
2019,'1475665',911,,39,17,,,0
2019,'1475666',941,,40,17,,,0
2019,'1475667',1011,,41,17,,,0
2019,'1475668',1041,,42,17,,,0
2019,'1475669',1111,,43,17,,,0
2019,'1475670',1141,,44,17,,,0
2019,'1475671',1211,,45,17,,,0
2019,'1475672',1241,,46,17,,,0
2019,'1475673',1311,,47,17,,,0
2019,'1475674',1341,,48,17,,,0
2019,'1475675',1411,,49,17,,,0
2019,'1475676',1441,,50,17,,,0
2019,'1475677',1511,,51,17,,,0
2019,'1475678',1541,,52,17,,,0
2019,'1475679',1611,,53,17,,,0
2019,'1475680',1641,,54,17,,,0
2019,'1475681',1711,,55,17,,,0
2019,'1475682',1741,,56,17,,,0
2019,'1475683',1811,,57,17,,,0
2019,'1475684',1841,,58,17,,,0
2019,'1475685',1911,,59,17,,,0
2019,'1475686',1941,,60,17,,,0
2019,'1475687',2011,,61,17,,,0
2019,'1475688',2041,,62,17,,,0
2019,'1475689',2111,,63,17,,,0
2019,'1475690',2141,,64,17,,,0
8019,'1282156',738,,225,13,,,0
