11019,'1468577',1717,2,231,4,,,0
11019,'1468578',1747,,232,4,,,0
11019,'1468579',1817,,233,4,,,0
11019,'1468580',1847,,234,4,,,0
11019,'1468581',1917,,235,4,,,0
11019,'1468582',1947,,236,4,,,0
11019,'1468583',2017,,237,4,,,0
11019,'1468584',2047,,238,4,,,0
11019,'1468585',2117,,239,4,,,0
12019,'1468586',1732,,240,4,,,0
12019,'1468587',1802,,241,4,,,0
12019,'1468588',1832,,242,4,,,0
12019,'1468589',1902,,243,4,,,0
12019,'1468590',1932,,244,4,,,0
12019,'1468591',2002,,245,4,,,0
12019,'1468592',2032,,246,4,,,0
12019,'1468593',2102,,247,4,,,0
