2019,'1475659',619,,33,31,,,0
2019,'1475660',649,,34,31,,,0
2019,'1475661',719,,35,31,,,0
2019,'1475662',749,,36,31,,,0
2019,'1475663',819,,37,31,,,0
2019,'1475664',849,,38,31,,,0
2019,'1475665',919,,39,31,,,0
2019,'1475666',949,,40,31,,,0
2019,'1475667',1019,,41,31,,,0
2019,'1475668',1049,,42,31,,,0
2019,'1475669',1119,,43,31,,,0
2019,'1475670',1149,,44,31,,,0
2019,'1475671',1219,,45,31,,,0
2019,'1475672',1249,,46,31,,,0
2019,'1475673',1319,,47,31,,,0
2019,'1475674',1349,,48,31,,,0
2019,'1475675',1419,,49,31,,,0
2019,'1475676',1449,,50,31,,,0
2019,'1475677',1519,,51,31,,,0
2019,'1475678',1549,,52,31,,,0
2019,'1475679',1619,,53,31,,,0
2019,'1475680',1649,,54,31,,,0
2019,'1475681',1719,,55,31,,,0
2019,'1475682',1749,,56,31,,,0
2019,'1475683',1819,,57,31,,,0
2019,'1475684',1849,,58,31,,,0
2019,'1475685',1919,,59,31,,,0
2019,'1475686',1949,,60,31,,,0
2019,'1475687',2019,,61,31,,,0
2019,'1475688',2049,,62,31,,,0
2019,'1475689',2119,,63,31,,,0
2019,'1475690',2149,,64,31,,,0
