5019,'1279336',2123,,129,45,,,0
5019,'1279360',1653,,130,45,,,0
5019,'1279724',1253,,131,45,,,0
5019,'1279909',1123,,132,45,,,0
5019,'1279968',953,,133,45,,,0
5019,'1280159',1953,,134,45,,,0
5019,'1280196',2023,,135,45,,,0
5019,'1280528',1623,,136,45,,,0
5019,'1280538',823,,137,45,,,0
5019,'1280597',923,,138,45,,,0
5019,'1280704',1323,,139,45,,,0
5019,'1280767',853,,140,45,,,0
5019,'1280939',624,,141,45,,,0
5019,'1281159',1723,,142,45,,,0
5019,'1281496',1153,,143,45,,,0
5019,'1281614',1553,,144,45,,,0
5019,'1281867',1923,,145,45,,,0
5019,'1281892',2153,,146,45,,,0
5019,'1281918',1023,,147,45,,,0
5019,'1281954',1823,,148,45,,,0
5019,'1282080',2053,,149,45,,,0
5019,'1282121',1853,,150,45,,,0
5019,'1282311',1223,,151,45,,,0
5019,'1282695',723,,152,45,,,0
5019,'1282785',654,,153,45,,,0
5019,'1282876',1453,,154,45,,,0
5019,'1283012',1523,,155,45,,,0
5019,'1283201',1753,,156,45,,,0
5019,'1283397',1423,,157,45,,,0
5019,'1283530',753,,158,45,,,0
5019,'1283849',1353,,159,45,,,0
5019,'1284100',1053,,160,45,,,0
8019,'1309753',821,,226,44,,,0
