2019,'1475659',613,,33,19,,,0
2019,'1475660',643,,34,19,,,0
2019,'1475661',713,,35,19,,,0
2019,'1475662',743,,36,19,,,0
2019,'1475663',813,,37,19,,,0
2019,'1475664',843,,38,19,,,0
2019,'1475665',913,,39,19,,,0
2019,'1475666',943,,40,19,,,0
2019,'1475667',1013,,41,19,,,0
2019,'1475668',1043,,42,19,,,0
2019,'1475669',1113,,43,19,,,0
2019,'1475670',1143,,44,19,,,0
2019,'1475671',1213,,45,19,,,0
2019,'1475672',1243,,46,19,,,0
2019,'1475673',1313,,47,19,,,0
2019,'1475674',1343,,48,19,,,0
2019,'1475675',1413,,49,19,,,0
2019,'1475676',1443,,50,19,,,0
2019,'1475677',1513,,51,19,,,0
2019,'1475678',1543,,52,19,,,0
2019,'1475679',1613,,53,19,,,0
2019,'1475680',1643,,54,19,,,0
2019,'1475681',1713,,55,19,,,0
2019,'1475682',1743,,56,19,,,0
2019,'1475683',1813,,57,19,,,0
2019,'1475684',1843,,58,19,,,0
2019,'1475685',1913,,59,19,,,0
2019,'1475686',1943,,60,19,,,0
2019,'1475687',2013,,61,19,,,0
2019,'1475688',2043,,62,19,,,0
2019,'1475689',2113,,63,19,,,0
2019,'1475690',2143,,64,19,,,0
