4019,'1279123',1454,,97,38,,,0
4019,'1279171',724,,98,38,,,0
4019,'1279191',924,,99,38,,,0
4019,'1279351',2054,,100,38,,,0
4019,'1279362',1854,,101,38,,,0
4019,'1279469',1354,,102,38,,,0
4019,'1279906',2024,,103,38,,,0
4019,'1280189',754,,104,38,,,0
4019,'1280192',1054,,105,38,,,0
4019,'1280293',854,,106,38,,,0
4019,'1280507',1954,,107,38,,,0
4019,'1280838',1724,,108,38,,,0
4019,'1280921',1224,,109,38,,,0
4019,'1281220',624,,110,38,,,0
4019,'1281330',1624,,111,38,,,0
4019,'1281387',2154,,112,38,,,0
4019,'1281529',1024,,113,38,,,0
4019,'1281609',824,,114,38,,,0
4019,'1281636',1924,,115,38,,,0
4019,'1281937',1324,,116,38,,,0
4019,'1282104',1524,,117,38,,,0
4019,'1282143',1754,,118,38,,,0
4019,'1282256',954,,119,38,,,0
4019,'1282401',1824,,120,38,,,0
4019,'1282483',1154,,121,38,,,0
4019,'1282867',1124,,122,38,,,0
4019,'1282877',1554,,123,38,,,0
4019,'1283160',1254,,124,38,,,0
4019,'1283459',654,,125,38,,,0
4019,'1283542',1654,,126,38,,,0
4019,'1283577',1424,,127,38,,,0
4019,'1283657',2124,,128,38,,,0
10019,'1280418',749,,228,34,,,0
