3019,'1497228',623,,248,38,,,0
3019,'1497229',654,,249,38,,,0
3019,'1497230',723,,250,38,,,0
3019,'1497231',753,,251,38,,,0
3019,'1497232',823,,252,38,,,0
3019,'1497233',853,,253,38,,,0
3019,'1497234',923,,254,38,,,0
3019,'1497235',953,,255,38,,,0
3019,'1497236',1023,,256,38,,,0
3019,'1497237',1053,,257,38,,,0
3019,'1497238',1123,,258,38,,,0
3019,'1497239',1153,,259,38,,,0
3019,'1497240',1223,,260,38,,,0
3019,'1497241',1253,,261,38,,,0
3019,'1497242',1323,,262,38,,,0
3019,'1497243',1353,,263,38,,,0
3019,'1497244',1423,,264,38,,,0
3019,'1497245',1453,,265,38,,,0
3019,'1497246',1523,,266,38,,,0
3019,'1497247',1553,,267,38,,,0
3019,'1497248',1623,,268,38,,,0
3019,'1497249',1653,,269,38,,,0
3019,'1497250',1723,,270,38,,,0
3019,'1497251',1753,,271,38,,,0
3019,'1497252',1823,,272,38,,,0
3019,'1497253',1853,,273,38,,,0
3019,'1497254',1923,,274,38,,,0
3019,'1497255',1953,,275,38,,,0
3019,'1497256',2023,,276,38,,,0
3019,'1497257',2053,,277,38,,,0
3019,'1497258',2123,,278,38,,,0
3019,'1497259',2153,,279,38,,,0
