11019,'1468577',1706,,231,2,,,0
11019,'1468578',1735,,232,2,,,0
11019,'1468579',1805,,233,2,,,0
11019,'1468580',1835,,234,2,,,0
11019,'1468581',1905,,235,2,,,0
11019,'1468582',1935,,236,2,,,0
11019,'1468583',2005,,237,2,,,0
11019,'1468584',2035,,238,2,,,0
11019,'1468585',2105,,239,2,,,0
12019,'1468586',1720,,240,2,,,0
12019,'1468587',1750,,241,2,,,0
12019,'1468588',1820,,242,2,,,0
12019,'1468589',1850,,243,2,,,0
12019,'1468590',1920,,244,2,,,0
12019,'1468591',1950,,245,2,,,0
12019,'1468592',2020,,246,2,,,0
12019,'1468593',2050,,247,2,,,0
