6019,'1412378',2013,,161,25,,,0
6019,'1412574',2143,,162,25,,,0
6019,'1412586',1113,,163,25,,,0
6019,'1412633',1913,,164,25,,,0
6019,'1412654',1943,,165,25,,,0
6019,'1412663',1443,,166,25,,,0
6019,'1412719',943,,167,25,,,0
6019,'1412861',843,,168,25,,,0
6019,'1412867',713,,169,25,,,0
6019,'1412927',1713,,170,25,,,0
6019,'1413018',1143,,171,25,,,0
6019,'1413058',1313,,172,25,,,0
6019,'1413074',613,,173,25,,,0
6019,'1413172',1343,,174,25,,,0
6019,'1413173',2043,,175,25,,,0
6019,'1413188',2113,,176,25,,,0
6019,'1413228',1413,,177,25,,,0
6019,'1413263',1013,,178,25,,,0
6019,'1413307',643,,179,25,,,0
6019,'1413432',1813,,180,25,,,0
6019,'1413444',743,,181,25,,,0
6019,'1413514',1843,,182,25,,,0
6019,'1413572',1043,,183,25,,,0
6019,'1413697',1213,,184,25,,,0
6019,'1413715',913,,185,25,,,0
6019,'1413733',1543,,186,25,,,0
6019,'1413791',1643,,187,25,,,0
6019,'1413807',813,,188,25,,,0
6019,'1413860',1243,,189,25,,,0
6019,'1413872',1513,,190,25,,,0
6019,'1413914',1613,,191,25,,,0
6019,'1413976',1743,,192,25,,,0
