7019,'1400344',1745,,193,25,,,0
7019,'1400361',815,,194,25,,,0
7019,'1400396',615,,195,25,,,0
7019,'1400410',1145,,196,25,,,0
7019,'1400427',645,,197,25,,,0
7019,'1400428',1215,,198,25,,,0
7019,'1400533',2015,,199,25,,,0
7019,'1400589',1915,,200,25,,,0
7019,'1400639',845,,201,25,,,0
7019,'1400662',1615,,202,25,,,0
7019,'1400683',945,,203,25,,,0
7019,'1400688',1815,,204,25,,,0
7019,'1400738',1115,,205,25,,,0
7019,'1400743',915,,206,25,,,0
7019,'1400763',1515,,207,25,,,0
7019,'1400766',2115,,208,25,,,0
7019,'1400797',1845,,209,25,,,0
7019,'1400808',1345,,210,25,,,0
7019,'1400818',1945,,211,25,,,0
7019,'1400821',1715,,212,25,,,0
7019,'1400822',1015,,213,25,,,0
7019,'1400845',2145,,214,25,,,0
7019,'1400859',715,,215,25,,,0
7019,'1400866',1645,,216,25,,,0
7019,'1400880',1415,,217,25,,,0
7019,'1400906',745,,218,25,,,0
7019,'1400929',1545,,219,25,,,0
7019,'1400945',2045,,220,25,,,0
7019,'1400947',1445,,221,25,,,0
7019,'1400962',1045,,222,25,,,0
7019,'1400973',1245,,223,25,,,0
7019,'1400992',1315,,224,25,,,0
