4019,'1279123',1455,,97,40,,,0
4019,'1279171',725,,98,40,,,0
4019,'1279191',925,,99,40,,,0
4019,'1279351',2055,,100,40,,,0
4019,'1279362',1855,,101,40,,,0
4019,'1279469',1355,,102,40,,,0
4019,'1279906',2025,,103,40,,,0
4019,'1280189',755,,104,40,,,0
4019,'1280192',1055,,105,40,,,0
4019,'1280293',855,,106,40,,,0
4019,'1280507',1955,,107,40,,,0
4019,'1280838',1725,,108,40,,,0
4019,'1280921',1225,,109,40,,,0
4019,'1281220',625,,110,40,,,0
4019,'1281330',1625,,111,40,,,0
4019,'1281387',2155,,112,40,,,0
4019,'1281529',1025,,113,40,,,0
4019,'1281609',825,,114,40,,,0
4019,'1281636',1925,,115,40,,,0
4019,'1281937',1325,,116,40,,,0
4019,'1282104',1525,,117,40,,,0
4019,'1282143',1755,,118,40,,,0
4019,'1282256',955,,119,40,,,0
4019,'1282401',1825,,120,40,,,0
4019,'1282483',1155,,121,40,,,0
4019,'1282867',1125,,122,40,,,0
4019,'1282877',1555,,123,40,,,0
4019,'1283160',1255,,124,40,,,0
4019,'1283459',655,,125,40,,,0
4019,'1283542',1655,,126,40,,,0
4019,'1283577',1425,,127,40,,,0
4019,'1283657',2125,,128,40,,,0
10019,'1280418',750,,228,36,,,0
