5019,'1279336',2122,,129,44,,,0
5019,'1279360',1652,,130,44,,,0
5019,'1279724',1252,,131,44,,,0
5019,'1279909',1122,,132,44,,,0
5019,'1279968',952,,133,44,,,0
5019,'1280159',1952,,134,44,,,0
5019,'1280196',2022,,135,44,,,0
5019,'1280528',1622,,136,44,,,0
5019,'1280538',822,,137,44,,,0
5019,'1280597',922,,138,44,,,0
5019,'1280704',1322,,139,44,,,0
5019,'1280767',852,,140,44,,,0
5019,'1280939',623,,141,44,,,0
5019,'1281159',1722,,142,44,,,0
5019,'1281496',1152,,143,44,,,0
5019,'1281614',1552,,144,44,,,0
5019,'1281867',1922,,145,44,,,0
5019,'1281892',2152,,146,44,,,0
5019,'1281918',1022,,147,44,,,0
5019,'1281954',1822,,148,44,,,0
5019,'1282080',2052,,149,44,,,0
5019,'1282121',1852,,150,44,,,0
5019,'1282311',1222,,151,44,,,0
5019,'1282695',722,,152,44,,,0
5019,'1282785',653,,153,44,,,0
5019,'1282876',1452,,154,44,,,0
5019,'1283012',1522,,155,44,,,0
5019,'1283201',1752,,156,44,,,0
5019,'1283397',1422,,157,44,,,0
5019,'1283530',752,,158,44,,,0
5019,'1283849',1352,,159,44,,,0
5019,'1284100',1052,,160,44,,,0
8019,'1309753',820,,226,43,,,0
