5019,'1279336',2104,,129,7,,,0
5019,'1279360',1634,,130,7,,,0
5019,'1279724',1234,,131,7,,,0
5019,'1279909',1104,,132,7,,,0
5019,'1279968',934,,133,7,,,0
5019,'1280159',1934,,134,7,,,0
5019,'1280196',2004,,135,7,,,0
5019,'1280528',1604,,136,7,,,0
5019,'1280538',804,,137,7,,,0
5019,'1280597',904,,138,7,,,0
5019,'1280704',1304,,139,7,,,0
5019,'1280767',834,,140,7,,,0
5019,'1280939',604,,141,7,,,0
5019,'1281159',1704,,142,7,,,0
5019,'1281496',1134,,143,7,,,0
5019,'1281614',1534,,144,7,,,0
5019,'1281867',1904,,145,7,,,0
5019,'1281892',2134,,146,7,,,0
5019,'1281918',1004,,147,7,,,0
5019,'1281954',1804,,148,7,,,0
5019,'1282080',2034,,149,7,,,0
5019,'1282121',1834,,150,7,,,0
5019,'1282311',1204,,151,7,,,0
5019,'1282695',704,,152,7,,,0
5019,'1282785',634,,153,7,,,0
5019,'1282876',1434,,154,7,,,0
5019,'1283012',1504,,155,7,,,0
5019,'1283201',1734,,156,7,,,0
5019,'1283397',1404,,157,7,,,0
5019,'1283530',734,,158,7,,,0
5019,'1283849',1334,,159,7,,,0
5019,'1284100',1034,,160,7,,,0
8019,'1309753',802,,226,7,,,0
