3019,'1497228',618,,248,29,,,0
3019,'1497229',648,,249,29,,,0
3019,'1497230',718,,250,29,,,0
3019,'1497231',748,,251,29,,,0
3019,'1497232',818,,252,29,,,0
3019,'1497233',848,,253,29,,,0
3019,'1497234',918,,254,29,,,0
3019,'1497235',948,,255,29,,,0
3019,'1497236',1018,,256,29,,,0
3019,'1497237',1048,,257,29,,,0
3019,'1497238',1118,,258,29,,,0
3019,'1497239',1148,,259,29,,,0
3019,'1497240',1218,,260,29,,,0
3019,'1497241',1248,,261,29,,,0
3019,'1497242',1318,,262,29,,,0
3019,'1497243',1348,,263,29,,,0
3019,'1497244',1418,,264,29,,,0
3019,'1497245',1448,,265,29,,,0
3019,'1497246',1518,,266,29,,,0
3019,'1497247',1548,,267,29,,,0
3019,'1497248',1618,,268,29,,,0
3019,'1497249',1648,,269,29,,,0
3019,'1497250',1718,,270,29,,,0
3019,'1497251',1748,,271,29,,,0
3019,'1497252',1818,,272,29,,,0
3019,'1497253',1848,,273,29,,,0
3019,'1497254',1918,,274,29,,,0
3019,'1497255',1948,,275,29,,,0
3019,'1497256',2018,,276,29,,,0
3019,'1497257',2048,,277,29,,,0
3019,'1497258',2118,,278,29,,,0
3019,'1497259',2148,,279,29,,,0
