4019,'1279123',1452,,97,35,,,0
4019,'1279171',722,,98,35,,,0
4019,'1279191',922,,99,35,,,0
4019,'1279351',2052,,100,35,,,0
4019,'1279362',1852,,101,35,,,0
4019,'1279469',1352,,102,35,,,0
4019,'1279906',2022,,103,35,,,0
4019,'1280189',752,,104,35,,,0
4019,'1280192',1052,,105,35,,,0
4019,'1280293',852,,106,35,,,0
4019,'1280507',1952,,107,35,,,0
4019,'1280838',1722,,108,35,,,0
4019,'1280921',1222,,109,35,,,0
4019,'1281220',622,,110,35,,,0
4019,'1281330',1622,,111,35,,,0
4019,'1281387',2152,,112,35,,,0
4019,'1281529',1022,,113,35,,,0
4019,'1281609',822,,114,35,,,0
4019,'1281636',1922,,115,35,,,0
4019,'1281937',1322,,116,35,,,0
4019,'1282104',1522,,117,35,,,0
4019,'1282143',1752,,118,35,,,0
4019,'1282256',952,,119,35,,,0
4019,'1282401',1822,,120,35,,,0
4019,'1282483',1152,,121,35,,,0
4019,'1282867',1122,,122,35,,,0
4019,'1282877',1552,,123,35,,,0
4019,'1283160',1252,,124,35,,,0
4019,'1283459',652,,125,35,,,0
4019,'1283542',1652,,126,35,,,0
4019,'1283577',1422,,127,35,,,0
4019,'1283657',2122,,128,35,,,0
10019,'1280418',748,,228,31,,,0
