3019,'1497228',616,,248,25,,,0
3019,'1497229',646,,249,25,,,0
3019,'1497230',716,,250,25,,,0
3019,'1497231',746,,251,25,,,0
3019,'1497232',816,,252,25,,,0
3019,'1497233',846,,253,25,,,0
3019,'1497234',916,,254,25,,,0
3019,'1497235',946,,255,25,,,0
3019,'1497236',1016,,256,25,,,0
3019,'1497237',1046,,257,25,,,0
3019,'1497238',1116,,258,25,,,0
3019,'1497239',1146,,259,25,,,0
3019,'1497240',1216,,260,25,,,0
3019,'1497241',1246,,261,25,,,0
3019,'1497242',1316,,262,25,,,0
3019,'1497243',1346,,263,25,,,0
3019,'1497244',1416,,264,25,,,0
3019,'1497245',1446,,265,25,,,0
3019,'1497246',1516,,266,25,,,0
3019,'1497247',1546,,267,25,,,0
3019,'1497248',1616,,268,25,,,0
3019,'1497249',1646,,269,25,,,0
3019,'1497250',1716,,270,25,,,0
3019,'1497251',1746,,271,25,,,0
3019,'1497252',1816,,272,25,,,0
3019,'1497253',1846,,273,25,,,0
3019,'1497254',1916,,274,25,,,0
3019,'1497255',1946,,275,25,,,0
3019,'1497256',2016,,276,25,,,0
3019,'1497257',2046,,277,25,,,0
3019,'1497258',2116,,278,25,,,0
3019,'1497259',2146,,279,25,,,0
