1019,'1463114',1516,,1,26,,,0
1019,'1463124',1816,,2,26,,,0
1019,'1463129',746,,3,26,,,0
1019,'1463141',1346,,4,26,,,0
1019,'1463166',1116,,5,26,,,0
1019,'1463175',1046,,6,26,,,0
1019,'1463193',1546,,7,26,,,0
1019,'1463219',1916,,8,26,,,0
1019,'1463224',1416,,9,26,,,0
1019,'1463236',1446,,10,26,,,0
1019,'1463263',1846,,11,26,,,0
1019,'1463272',1716,,12,26,,,0
1019,'1463293',2116,,13,26,,,0
1019,'1463297',1216,,14,26,,,0
1019,'1463310',1146,,15,26,,,0
1019,'1463321',846,,16,26,,,0
1019,'1463333',1246,,17,26,,,0
1019,'1463355',616,,18,26,,,0
1019,'1463379',1616,,19,26,,,0
1019,'1463398',2046,,20,26,,,0
1019,'1463405',1646,,21,26,,,0
1019,'1463416',1316,,22,26,,,0
1019,'1463417',816,,23,26,,,0
1019,'1463455',2016,,24,26,,,0
1019,'1463456',1016,,25,26,,,0
1019,'1463466',2146,,26,26,,,0
1019,'1463493',1946,,27,26,,,0
1019,'1463502',646,,28,26,,,0
1019,'1463503',946,,29,26,,,0
1019,'1463511',1746,,30,26,,,0
1019,'1463515',716,,31,26,,,0
1019,'1463529',916,,32,26,,,0
