3019,'1497228',613,,248,18,,,0
3019,'1497229',642,,249,18,,,0
3019,'1497230',713,,250,18,,,0
3019,'1497231',743,,251,18,,,0
3019,'1497232',813,,252,18,,,0
3019,'1497233',843,,253,18,,,0
3019,'1497234',913,,254,18,,,0
3019,'1497235',943,,255,18,,,0
3019,'1497236',1013,,256,18,,,0
3019,'1497237',1043,,257,18,,,0
3019,'1497238',1113,,258,18,,,0
3019,'1497239',1143,,259,18,,,0
3019,'1497240',1213,,260,18,,,0
3019,'1497241',1243,,261,18,,,0
3019,'1497242',1313,,262,18,,,0
3019,'1497243',1343,,263,18,,,0
3019,'1497244',1413,,264,18,,,0
3019,'1497245',1443,,265,18,,,0
3019,'1497246',1513,,266,18,,,0
3019,'1497247',1543,,267,18,,,0
3019,'1497248',1613,,268,18,,,0
3019,'1497249',1643,,269,18,,,0
3019,'1497250',1713,,270,18,,,0
3019,'1497251',1743,,271,18,,,0
3019,'1497252',1813,,272,18,,,0
3019,'1497253',1843,,273,18,,,0
3019,'1497254',1913,,274,18,,,0
3019,'1497255',1943,,275,18,,,0
3019,'1497256',2013,,276,18,,,0
3019,'1497257',2043,,277,18,,,0
3019,'1497258',2113,,278,18,,,0
3019,'1497259',2143,,279,18,,,0
