5019,'1279336',2100,,129,2,,,0
5019,'1279360',1630,,130,2,,,0
5019,'1279724',1230,,131,2,,,0
5019,'1279909',1100,,132,2,,,0
5019,'1279968',930,,133,2,,,0
5019,'1280159',1930,,134,2,,,0
5019,'1280196',2000,,135,2,,,0
5019,'1280528',1600,,136,2,,,0
5019,'1280538',800,,137,2,,,0
5019,'1280597',900,,138,2,,,0
5019,'1280704',1300,,139,2,,,0
5019,'1280767',830,,140,2,,,0
5019,'1280939',600,,141,2,,,0
5019,'1281159',1700,,142,2,,,0
5019,'1281496',1130,,143,2,,,0
5019,'1281614',1530,,144,2,,,0
5019,'1281867',1900,,145,2,,,0
5019,'1281892',2130,,146,2,,,0
5019,'1281918',1000,,147,2,,,0
5019,'1281954',1800,,148,2,,,0
5019,'1282080',2030,,149,2,,,0
5019,'1282121',1830,,150,2,,,0
5019,'1282311',1200,,151,2,,,0
5019,'1282695',700,,152,2,,,0
5019,'1282785',630,,153,2,,,0
5019,'1282876',1430,,154,2,,,0
5019,'1283012',1500,,155,2,,,0
5019,'1283201',1730,,156,2,,,0
5019,'1283397',1400,,157,2,,,0
5019,'1283530',730,,158,2,,,0
5019,'1283849',1330,,159,2,,,0
5019,'1284100',1030,,160,2,,,0
8019,'1309753',758,,226,2,,,0
