3019,'1497228',621,,248,36,,,0
3019,'1497229',652,,249,36,,,0
3019,'1497230',721,,250,36,,,0
3019,'1497231',751,,251,36,,,0
3019,'1497232',821,,252,36,,,0
3019,'1497233',851,,253,36,,,0
3019,'1497234',921,,254,36,,,0
3019,'1497235',951,,255,36,,,0
3019,'1497236',1021,,256,36,,,0
3019,'1497237',1051,,257,36,,,0
3019,'1497238',1121,,258,36,,,0
3019,'1497239',1151,,259,36,,,0
3019,'1497240',1221,,260,36,,,0
3019,'1497241',1251,,261,36,,,0
3019,'1497242',1321,,262,36,,,0
3019,'1497243',1351,,263,36,,,0
3019,'1497244',1421,,264,36,,,0
3019,'1497245',1451,,265,36,,,0
3019,'1497246',1521,,266,36,,,0
3019,'1497247',1551,,267,36,,,0
3019,'1497248',1621,,268,36,,,0
3019,'1497249',1651,,269,36,,,0
3019,'1497250',1721,,270,36,,,0
3019,'1497251',1751,,271,36,,,0
3019,'1497252',1821,,272,36,,,0
3019,'1497253',1851,,273,36,,,0
3019,'1497254',1921,,274,36,,,0
3019,'1497255',1951,,275,36,,,0
3019,'1497256',2021,,276,36,,,0
3019,'1497257',2051,,277,36,,,0
3019,'1497258',2121,,278,36,,,0
3019,'1497259',2151,,279,36,,,0
