1019,'1463114',1500,,1,1,,,0,28,,1,39,4,,0
1019,'1463124',1800,,2,1,,,0,28,,2,39,4,,0
1019,'1463129',730,,3,1,,,0,28,,3,39,4,,0
1019,'1463141',1330,,4,1,,,0,28,,4,39,4,,0
1019,'1463166',1100,,5,1,,,0,28,,5,39,4,,0
1019,'1463175',1030,,6,1,,,0,28,,6,39,4,,0
1019,'1463193',1530,,7,1,,,0,28,,7,39,4,,0
1019,'1463219',1900,,8,1,,,0,28,,8,39,4,,0
1019,'1463224',1400,,9,1,,,0,28,,9,39,4,,0
1019,'1463236',1430,,10,1,,,0,28,,10,39,4,,0
1019,'1463263',1830,,11,1,,,0,28,,11,39,4,,0
1019,'1463272',1700,,12,1,,,0,28,,12,39,4,,0
1019,'1463293',2100,,13,1,,,0,28,,13,39,4,,0
1019,'1463297',1200,,14,1,,,0,28,,14,39,4,,0
1019,'1463310',1130,,15,1,,,0,28,,15,39,4,,0
1019,'1463321',830,,16,1,,,0,28,,16,39,4,,0
1019,'1463333',1230,,17,1,,,0,28,,17,39,4,,0
1019,'1463355',600,,18,1,,,0,28,,18,39,4,,0
1019,'1463379',1600,,19,1,,,0,28,,19,39,4,,0
1019,'1463398',2030,,20,1,,,0,28,,20,39,4,,0
1019,'1463405',1630,,21,1,,,0,28,,21,39,4,,0
1019,'1463416',1300,,22,1,,,0,28,,22,39,4,,0
1019,'1463417',800,,23,1,,,0,28,,23,39,4,,0
1019,'1463455',2000,,24,1,,,0,28,,24,39,4,,0
1019,'1463456',1000,,25,1,,,0,28,,25,39,4,,0
1019,'1463466',2130,,26,1,,,0,26,,26,39,4,,0
1019,'1463493',1930,,27,1,,,0,28,,27,39,4,,0
1019,'1463502',630,,28,1,,,0,28,,28,39,4,,0
1019,'1463503',930,,29,1,,,0,28,,29,39,4,,0
1019,'1463511',1730,,30,1,,,0,28,,30,39,4,,0
1019,'1463515',700,,31,1,,,0,28,,31,39,4,,0
1019,'1463529',900,,32,1,,,0,28,,32,39,4,,0
2019,'1475659',600,,33,1,,,0,28,,33,39,4,,0
2019,'1475660',630,,34,1,,,0,28,,34,39,4,,0
2019,'1475661',700,,35,1,,,0,28,,35,39,4,,0
2019,'1475662',730,,36,1,,,0,28,,36,39,4,,0
2019,'1475663',800,,37,1,,,0,28,,37,39,4,,0
2019,'1475664',830,,38,1,,,0,28,,38,39,4,,0
2019,'1475665',900,,39,1,,,0,28,,39,39,4,,0
2019,'1475666',930,,40,1,,,0,28,,40,39,4,,0
2019,'1475667',1000,,41,1,,,0,28,,41,39,4,,0
2019,'1475668',1030,,42,1,,,0,28,,42,39,4,,0
2019,'1475669',1100,,43,1,,,0,28,,43,39,4,,0
2019,'1475670',1130,,44,1,,,0,28,,44,39,4,,0
2019,'1475671',1200,,45,1,,,0,28,,45,39,4,,0
2019,'1475672',1230,,46,1,,,0,28,,46,39,4,,0
2019,'1475673',1300,,47,1,,,0,28,,47,39,4,,0
2019,'1475674',1330,,48,1,,,0,28,,48,39,4,,0
2019,'1475675',1400,,49,1,,,0,28,,49,39,4,,0
2019,'1475676',1430,,50,1,,,0,28,,50,39,4,,0
2019,'1475677',1500,,51,1,,,0,28,,51,39,4,,0
2019,'1475678',1530,,52,1,,,0,28,,52,39,4,,0
2019,'1475679',1600,,53,1,,,0,28,,53,39,4,,0
2019,'1475680',1630,,54,1,,,0,28,,54,39,4,,0
2019,'1475681',1700,,55,1,,,0,28,,55,39,4,,0
2019,'1475682',1730,,56,1,,,0,28,,56,39,4,,0
2019,'1475683',1800,,57,1,,,0,28,,57,39,4,,0
2019,'1475684',1830,,58,1,,,0,28,,58,39,4,,0
2019,'1475685',1900,,59,1,,,0,28,,59,39,4,,0
2019,'1475686',1930,,60,1,,,0,28,,60,39,4,,0
2019,'1475687',2000,,61,1,,,0,28,,61,39,4,,0
2019,'1475688',2030,,62,1,,,0,28,,62,39,4,,0
2019,'1475689',2100,,63,1,,,0,28,,63,39,4,,0
2019,'1475690',2130,,64,1,,,0,26,,64,39,4,,0
3019,'1297024',1530,,65,1,,,0,28,,65,43,4,,0
3019,'1297026',700,,66,1,,,0,28,,66,43,4,,0
3019,'1297027',930,,67,1,,,0,28,,67,43,4,,0
3019,'1297030',1800,,68,1,,,0,28,,68,43,4,,0
3019,'1297031',1830,,69,1,,,0,28,,69,43,4,,0
3019,'1297034',1630,,70,1,,,0,28,,70,43,4,,0
3019,'1297036',630,,71,1,,,0,28,,71,43,4,,0
3019,'1297037',1600,,72,1,,,0,28,,72,43,4,,0
3019,'1297039',1000,,73,1,,,0,28,,73,43,4,,0
3019,'1297041',830,,74,1,,,0,28,,74,43,4,,0
3019,'1297043',1930,,75,1,,,0,28,,75,43,4,,0
3019,'1297046',1030,,76,1,,,0,28,,76,43,4,,0
3019,'1297047',2030,,77,1,,,0,28,,77,43,4,,0
3019,'1297048',730,,78,1,,,0,28,,78,43,4,,0
3019,'1297049',800,,79,1,,,0,28,,79,43,4,,0
3019,'1297050',1400,,80,1,,,0,28,,80,43,4,,0
3019,'1297051',1430,,81,1,,,0,28,,81,43,4,,0
3019,'1297053',1130,,82,1,,,0,28,,82,43,4,,0
3019,'1297057',1100,,83,1,,,0,28,,83,43,4,,0
3019,'1297058',1200,,84,1,,,0,28,,84,43,4,,0
3019,'1297059',600,,85,1,,,0,28,,85,43,4,,0
3019,'1297061',1500,,86,1,,,0,28,,86,43,4,,0
3019,'1297062',2130,,87,1,,,0,26,,87,43,4,,0
3019,'1297064',2100,,88,1,,,0,28,,88,43,4,,0
3019,'1297065',900,,89,1,,,0,28,,89,43,4,,0
3019,'1297069',1900,,90,1,,,0,28,,90,43,4,,0
3019,'1297073',1300,,91,1,,,0,28,,91,43,4,,0
3019,'1297078',1730,,92,1,,,0,28,,92,43,4,,0
3019,'1297079',2000,,93,1,,,0,28,,93,43,4,,0
3019,'1297080',1330,,94,1,,,0,28,,94,43,4,,0
3019,'1297082',1230,,95,1,,,0,28,,95,43,4,,0
3019,'1297083',1700,,96,1,,,0,28,,96,43,4,,0
4019,'1279123',1430,,97,1,,,0,28,,97,43,4,,0
4019,'1279171',700,,98,1,,,0,28,,98,43,4,,0
4019,'1279191',900,,99,1,,,0,28,,99,43,4,,0
4019,'1279351',2030,,100,1,,,0,28,,100,43,4,,0
4019,'1279362',1830,,101,1,,,0,28,,101,43,4,,0
4019,'1279469',1330,,102,1,,,0,28,,102,43,4,,0
4019,'1279906',2000,,103,1,,,0,28,,103,43,4,,0
4019,'1280189',730,,104,1,,,0,28,,104,43,4,,0
4019,'1280192',1030,,105,1,,,0,28,,105,43,4,,0
4019,'1280293',830,,106,1,,,0,28,,106,43,4,,0
4019,'1280507',1930,,107,1,,,0,28,,107,43,4,,0
4019,'1280838',1700,,108,1,,,0,28,,108,43,4,,0
4019,'1280921',1200,,109,1,,,0,28,,109,43,4,,0
4019,'1281220',600,,110,1,,,0,28,,110,43,4,,0
4019,'1281330',1600,,111,1,,,0,28,,111,43,4,,0
4019,'1281387',2130,,112,1,,,0,26,,112,43,4,,0
4019,'1281529',1000,,113,1,,,0,28,,113,43,4,,0
4019,'1281609',800,,114,1,,,0,28,,114,43,4,,0
4019,'1281636',1900,,115,1,,,0,28,,115,43,4,,0
4019,'1281937',1300,,116,1,,,0,28,,116,43,4,,0
4019,'1282104',1500,,117,1,,,0,28,,117,43,4,,0
4019,'1282143',1730,,118,1,,,0,28,,118,43,4,,0
4019,'1282256',930,,119,1,,,0,28,,119,43,4,,0
4019,'1282401',1800,,120,1,,,0,28,,120,43,4,,0
4019,'1282483',1130,,121,1,,,0,28,,121,43,4,,0
4019,'1282867',1100,,122,1,,,0,28,,122,43,4,,0
4019,'1282877',1530,,123,1,,,0,28,,123,43,4,,0
4019,'1283160',1230,,124,1,,,0,28,,124,43,4,,0
4019,'1283459',630,,125,1,,,0,28,,125,43,4,,0
4019,'1283542',1630,,126,1,,,0,28,,126,43,4,,0
4019,'1283577',1400,,127,1,,,0,28,,127,43,4,,0
4019,'1283657',2100,,128,1,,,0,28,,128,43,4,,0
5019,'1279336',2100,,129,1,,,0,28,,129,50,4,,0
5019,'1279360',1630,,130,1,,,0,28,,130,50,4,,0
5019,'1279724',1230,,131,1,,,0,28,,131,50,4,,0
5019,'1279909',1100,,132,1,,,0,28,,132,50,4,,0
5019,'1279968',930,,133,1,,,0,28,,133,50,4,,0
5019,'1280159',1930,,134,1,,,0,28,,134,50,4,,0
5019,'1280196',2000,,135,1,,,0,28,,135,50,4,,0
5019,'1280528',1600,,136,1,,,0,28,,136,50,4,,0
5019,'1280538',800,,137,1,,,0,28,,137,50,4,,0
5019,'1280597',900,,138,1,,,0,28,,138,50,4,,0
5019,'1280704',1300,,139,1,,,0,28,,139,50,4,,0
5019,'1280767',830,,140,1,,,0,28,,140,50,4,,0
5019,'1280939',600,,141,1,,,0,28,,141,50,4,,0
5019,'1281159',1700,,142,1,,,0,28,,142,50,4,,0
5019,'1281496',1130,,143,1,,,0,28,,143,50,4,,0
5019,'1281614',1530,,144,1,,,0,28,,144,50,4,,0
5019,'1281867',1900,,145,1,,,0,28,,145,50,4,,0
5019,'1281892',2130,,146,1,,,0,26,,146,50,4,,0
5019,'1281918',1000,,147,1,,,0,28,,147,50,4,,0
5019,'1281954',1800,,148,1,,,0,28,,148,50,4,,0
5019,'1282080',2030,,149,1,,,0,28,,149,50,4,,0
5019,'1282121',1830,,150,1,,,0,28,,150,50,4,,0
5019,'1282311',1200,,151,1,,,0,28,,151,50,4,,0
5019,'1282695',700,,152,1,,,0,28,,152,50,4,,0
5019,'1282785',630,,153,1,,,0,28,,153,50,4,,0
5019,'1282876',1430,,154,1,,,0,28,,154,50,4,,0
5019,'1283012',1500,,155,1,,,0,28,,155,50,4,,0
5019,'1283201',1730,,156,1,,,0,28,,156,50,4,,0
5019,'1283397',1400,,157,1,,,0,28,,157,50,4,,0
5019,'1283530',730,,158,1,,,0,28,,158,50,4,,0
5019,'1283849',1330,,159,1,,,0,28,,159,50,4,,0
5019,'1284100',1030,,160,1,,,0,28,,160,50,4,,0
6019,'1412378',2000,,161,1,,,0,28,,161,47,4,,0
6019,'1412574',2130,,162,1,,,0,26,,162,47,4,,0
6019,'1412586',1100,,163,1,,,0,28,,163,47,4,,0
6019,'1412633',1900,,164,1,,,0,28,,164,47,4,,0
6019,'1412654',1930,,165,1,,,0,28,,165,47,4,,0
6019,'1412663',1430,,166,1,,,0,28,,166,47,4,,0
6019,'1412719',930,,167,1,,,0,28,,167,47,4,,0
6019,'1412861',830,,168,1,,,0,28,,168,47,4,,0
6019,'1412867',700,,169,1,,,0,28,,169,47,4,,0
6019,'1412927',1700,,170,1,,,0,28,,170,47,4,,0
6019,'1413018',1130,,171,1,,,0,28,,171,47,4,,0
6019,'1413058',1300,,172,1,,,0,28,,172,47,4,,0
6019,'1413074',600,,173,1,,,0,28,,173,47,4,,0
6019,'1413172',1330,,174,1,,,0,28,,174,47,4,,0
6019,'1413173',2030,,175,1,,,0,28,,175,47,4,,0
6019,'1413188',2100,,176,1,,,0,28,,176,47,4,,0
6019,'1413228',1400,,177,1,,,0,28,,177,47,4,,0
6019,'1413263',1000,,178,1,,,0,28,,178,47,4,,0
6019,'1413307',630,,179,1,,,0,28,,179,47,4,,0
6019,'1413432',1800,,180,1,,,0,28,,180,47,4,,0
6019,'1413444',730,,181,1,,,0,28,,181,47,4,,0
6019,'1413514',1830,,182,1,,,0,28,,182,47,4,,0
6019,'1413572',1030,,183,1,,,0,28,,183,47,4,,0
6019,'1413697',1200,,184,1,,,0,28,,184,47,4,,0
6019,'1413715',900,,185,1,,,0,28,,185,47,4,,0
6019,'1413733',1530,,186,1,,,0,28,,186,47,4,,0
6019,'1413791',1630,,187,1,,,0,28,,187,47,4,,0
6019,'1413807',800,,188,1,,,0,28,,188,47,4,,0
6019,'1413860',1230,,189,1,,,0,28,,189,47,4,,0
6019,'1413872',1500,,190,1,,,0,28,,190,47,4,,0
6019,'1413914',1600,,191,1,,,0,28,,191,47,4,,0
6019,'1413976',1730,,192,1,,,0,28,,192,47,4,,0
7019,'1400344',1730,,193,1,,,0,28,,193,40,4,,0
7019,'1400361',800,,194,1,,,0,28,,194,40,4,,0
7019,'1400396',600,,195,1,,,0,28,,195,40,4,,0
7019,'1400410',1130,,196,1,,,0,28,,196,40,4,,0
7019,'1400427',630,,197,1,,,0,28,,197,40,4,,0
7019,'1400428',1200,,198,1,,,0,28,,198,40,4,,0
7019,'1400533',2000,,199,1,,,0,28,,199,40,4,,0
7019,'1400589',1900,,200,1,,,0,28,,200,40,4,,0
7019,'1400639',830,,201,1,,,0,28,,201,40,4,,0
7019,'1400662',1600,,202,1,,,0,28,,202,40,4,,0
7019,'1400683',930,,203,1,,,0,28,,203,40,4,,0
7019,'1400688',1800,,204,1,,,0,28,,204,40,4,,0
7019,'1400738',1100,,205,1,,,0,28,,205,40,4,,0
7019,'1400743',900,,206,1,,,0,28,,206,40,4,,0
7019,'1400763',1500,,207,1,,,0,28,,207,40,4,,0
7019,'1400766',2100,,208,1,,,0,28,,208,40,4,,0
7019,'1400797',1830,,209,1,,,0,28,,209,40,4,,0
7019,'1400808',1330,,210,1,,,0,28,,210,40,4,,0
7019,'1400818',1930,,211,1,,,0,28,,211,40,4,,0
7019,'1400821',1700,,212,1,,,0,28,,212,40,4,,0
7019,'1400822',1000,,213,1,,,0,28,,213,40,4,,0
7019,'1400845',2130,,214,1,,,0,26,,214,40,4,,0
7019,'1400859',700,,215,1,,,0,28,,215,40,4,,0
7019,'1400866',1630,,216,1,,,0,28,,216,40,4,,0
7019,'1400880',1400,,217,1,,,0,28,,217,40,4,,0
7019,'1400906',730,,218,1,,,0,28,,218,40,4,,0
7019,'1400929',1530,,219,1,,,0,28,,219,40,4,,0
7019,'1400945',2030,,220,1,,,0,28,,220,40,4,,0
7019,'1400947',1430,,221,1,,,0,28,,221,40,4,,0
7019,'1400962',1030,,222,1,,,0,28,,222,40,4,,0
7019,'1400973',1230,,223,1,,,0,28,,223,40,4,,0
7019,'1400992',1300,,224,1,,,0,28,,224,40,4,,0
8019,'1282156',728,,225,1,,,0,23,,225,32,4,,0
8019,'1309753',758,,226,1,,,0
10019,'1280418',728,,228,1,,,0,23,,228,38,4,,0
10029,'1309124',758,,229,1,,,0
10029,'1309218',1522,2,230,5,,,0
11019,'1468577',1701,,231,1,,,0,28,,231,6,4,,0
11019,'1468578',1730,,232,1,,,0,29,,232,6,4,,0
11019,'1468579',1800,,233,1,,,0,29,,233,6,4,,0
11019,'1468580',1830,,234,1,,,0,29,,234,6,4,,0
11019,'1468581',1900,,235,1,,,0,29,,235,6,4,,0
11019,'1468582',1930,,236,1,,,0,29,,236,6,4,,0
11019,'1468583',2000,,237,1,,,0,29,,237,6,4,,0
11019,'1468584',2030,,238,1,,,0,29,,238,6,4,,0
11019,'1468585',2100,,239,1,,,0,29,,239,6,4,,0
12019,'1468586',1716,,240,1,,,0,28,,240,6,4,,0
12019,'1468587',1745,,241,1,,,0,69,,241,6,4,,0
12019,'1468588',1815,,242,1,,,0,29,,242,6,4,,0
12019,'1468589',1845,,243,1,,,0,69,,243,6,4,,0
12019,'1468590',1915,,244,1,,,0,29,,244,6,4,,0
12019,'1468591',1945,,245,1,,,0,69,,245,6,4,,0
12019,'1468592',2015,,246,1,,,0,29,,246,6,4,,0
12019,'1468593',2045,,247,1,,,0,69,,247,6,4,,0
