1019,'1463114',1520,,1,32,,,0
1019,'1463124',1820,,2,32,,,0
1019,'1463129',750,,3,32,,,0
1019,'1463141',1350,,4,32,,,0
1019,'1463166',1120,,5,32,,,0
1019,'1463175',1050,,6,32,,,0
1019,'1463193',1550,,7,32,,,0
1019,'1463219',1920,,8,32,,,0
1019,'1463224',1420,,9,32,,,0
1019,'1463236',1450,,10,32,,,0
1019,'1463263',1850,,11,32,,,0
1019,'1463272',1720,,12,32,,,0
1019,'1463293',2120,,13,32,,,0
1019,'1463297',1220,,14,32,,,0
1019,'1463310',1150,,15,32,,,0
1019,'1463321',850,,16,32,,,0
1019,'1463333',1250,,17,32,,,0
1019,'1463355',620,,18,32,,,0
1019,'1463379',1620,,19,32,,,0
1019,'1463398',2050,,20,32,,,0
1019,'1463405',1650,,21,32,,,0
1019,'1463416',1320,,22,32,,,0
1019,'1463417',820,,23,32,,,0
1019,'1463455',2020,,24,32,,,0
1019,'1463456',1020,,25,32,,,0
1019,'1463466',2150,,26,32,,,0
1019,'1463493',1950,,27,32,,,0
1019,'1463502',650,,28,32,,,0
1019,'1463503',950,,29,32,,,0
1019,'1463511',1750,,30,32,,,0
1019,'1463515',720,,31,32,,,0
1019,'1463529',920,,32,32,,,0
