6019,'1412378',2026,,161,46,,,0
6019,'1412574',2154,,162,46,,,0
6019,'1412586',1126,,163,46,,,0
6019,'1412633',1926,,164,46,,,0
6019,'1412654',1956,,165,46,,,0
6019,'1412663',1456,,166,46,,,0
6019,'1412719',956,,167,46,,,0
6019,'1412861',856,,168,46,,,0
6019,'1412867',726,,169,46,,,0
6019,'1412927',1726,,170,46,,,0
6019,'1413018',1156,,171,46,,,0
6019,'1413058',1326,,172,46,,,0
6019,'1413074',626,,173,46,,,0
6019,'1413172',1356,,174,46,,,0
6019,'1413173',2056,,175,46,,,0
6019,'1413188',2126,,176,46,,,0
6019,'1413228',1426,,177,46,,,0
6019,'1413263',1026,,178,46,,,0
6019,'1413307',656,,179,46,,,0
6019,'1413432',1826,,180,46,,,0
6019,'1413444',756,,181,46,,,0
6019,'1413514',1856,,182,46,,,0
6019,'1413572',1056,,183,46,,,0
6019,'1413697',1226,,184,46,,,0
6019,'1413715',926,,185,46,,,0
6019,'1413733',1556,,186,46,,,0
6019,'1413791',1656,,187,46,,,0
6019,'1413807',826,,188,46,,,0
6019,'1413860',1256,,189,46,,,0
6019,'1413872',1526,,190,46,,,0
6019,'1413914',1626,,191,46,,,0
6019,'1413976',1756,,192,46,,,0
7019,'1400344',1756,,193,39,,,0
7019,'1400361',826,,194,39,,,0
7019,'1400396',626,,195,39,,,0
7019,'1400410',1156,,196,39,,,0
7019,'1400427',656,,197,39,,,0
7019,'1400428',1226,,198,39,,,0
7019,'1400533',2026,,199,39,,,0
7019,'1400589',1926,,200,39,,,0
7019,'1400639',856,,201,39,,,0
7019,'1400662',1626,,202,39,,,0
7019,'1400683',956,,203,39,,,0
7019,'1400688',1826,,204,39,,,0
7019,'1400738',1126,,205,39,,,0
7019,'1400743',926,,206,39,,,0
7019,'1400763',1526,,207,39,,,0
7019,'1400766',2126,,208,39,,,0
7019,'1400797',1856,,209,39,,,0
7019,'1400808',1356,,210,39,,,0
7019,'1400818',1956,,211,39,,,0
7019,'1400821',1726,,212,39,,,0
7019,'1400822',1026,,213,39,,,0
7019,'1400845',2155,,214,39,,,0
7019,'1400859',726,,215,39,,,0
7019,'1400866',1656,,216,39,,,0
7019,'1400880',1426,,217,39,,,0
7019,'1400906',756,,218,39,,,0
7019,'1400929',1556,,219,39,,,0
7019,'1400945',2056,,220,39,,,0
7019,'1400947',1456,,221,39,,,0
7019,'1400962',1056,,222,39,,,0
7019,'1400973',1256,,223,39,,,0
7019,'1400992',1326,,224,39,,,0
