5019,'1279336',2108,,129,16,,,0
5019,'1279360',1638,,130,16,,,0
5019,'1279724',1238,,131,16,,,0
5019,'1279909',1108,,132,16,,,0
5019,'1279968',938,,133,16,,,0
5019,'1280159',1938,,134,16,,,0
5019,'1280196',2008,,135,16,,,0
5019,'1280528',1608,,136,16,,,0
5019,'1280538',808,,137,16,,,0
5019,'1280597',908,,138,16,,,0
5019,'1280704',1308,,139,16,,,0
5019,'1280767',838,,140,16,,,0
5019,'1280939',608,,141,16,,,0
5019,'1281159',1708,,142,16,,,0
5019,'1281496',1138,,143,16,,,0
5019,'1281614',1538,,144,16,,,0
5019,'1281867',1908,,145,16,,,0
5019,'1281892',2138,,146,16,,,0
5019,'1281918',1008,,147,16,,,0
5019,'1281954',1808,,148,16,,,0
5019,'1282080',2038,,149,16,,,0
5019,'1282121',1838,,150,16,,,0
5019,'1282311',1208,,151,16,,,0
5019,'1282695',708,,152,16,,,0
5019,'1282785',638,,153,16,,,0
5019,'1282876',1438,,154,16,,,0
5019,'1283012',1508,,155,16,,,0
5019,'1283201',1738,,156,16,,,0
5019,'1283397',1408,,157,16,,,0
5019,'1283530',738,,158,16,,,0
5019,'1283849',1338,,159,16,,,0
5019,'1284100',1038,,160,16,,,0
8019,'1309753',805,,226,16,,,0
